MatLab_Code/anomaly.grd
DSAA
81 101
0 40000
0 50000
-39.4515 22.1643
[rows 58 to 86 of 101, columns 0 to 65 of 81]
17.7709 17.8802 17.9459 17.9732 17.9697 17.9416 17.8934 17.8298 17.7541 17.6671 17.5704 17.4642 17.3472 17.2178 17.0757 16.9211 16.7547 16.5772 16.3879 16.1857 15.9704 15.744 15.5112 15.2761 15.0405 14.8035 14.562 14.3129 14.0556 13.791 13.5188 13.2384 12.9485 12.6469 12.33 11.9924 11.6284 11.2317 10.7977 10.3251 9.8171 9.28333 8.73614 8.18468 7.63572 7.09565 6.56887 6.05728 5.56144 5.08082 4.61391 4.15834 3.71131 3.26957 2.82939 2.38741 1.94093 1.48812 1.0278 0.559182 0.082793 -0.399226 -0.883932 -1.36959 -1.85545 -2.33971
17.484 17.616 17.7028 17.7492 17.7631 17.7506 17.7168 17.6669 17.6048 17.5319 17.45 17.3591 17.2573 17.1427 17.0152 16.8754 16.7241 16.5621 16.3884 16.2016 16.0005 15.7867 15.5655 15.3415 15.1166 14.8903 14.6591 14.4192 14.17 13.9114 13.6431 13.3644 13.0736 12.7685 12.4459 12.101 11.7282 11.3225 10.8816 10.4051 9.89664 9.36414 8.81714 8.26278 7.70722 7.15711 6.61716 6.08983 5.57645 5.07712 4.59094 4.11613 3.65044 3.19112 2.73498 2.27905 1.82096 1.35919 0.892819 0.420931 -0.0565876 -0.537596 -1.01906 -1.49968 -1.97926 -2.45642
17.1895 17.344 17.4521 17.5176 17.5484 17.551 17.531 17.4937 17.4437 17.3836 17.3154 17.2388 17.1512 17.0504 16.9367 16.8109 16.6742 16.5272 16.3691 16.1978 16.011 15.8099 15.5996 15.3852 15.1694 14.9519 14.7289 14.4966 14.2534 13.999 13.7326 13.4535 13.1598 12.8495 12.5197 12.1662 11.7842 11.37 10.9226 10.4427 9.93344 9.40123 8.85367 8.29644 7.73502 7.17574 6.62358 6.08165 5.55189 5.03482 4.53024 4.03708 3.55359 3.07746 2.60601 2.13671 1.66758 1.19732 0.725092 0.250038 -0.227937 -0.706872 -1.18431 -1.65948 -2.13255 -2.60237
16.8878 17.0651 17.1943 17.2787 17.326 17.3438 17.3372 17.3116 17.2724 17.2236 17.1681 17.1051 17.0307 16.9428 16.8417 16.7288 16.6056 16.4728 16.33 16.1742 16.0018 15.813 15.6128 15.4069 15.1986 14.988 14.7714 14.5449 14.3063 14.0547 13.7888 13.5076 13.2095 12.8928 12.555 12.1924 11.8014 11.3794 10.926 10.4423 9.93131 9.39817 8.84892 8.28809 7.72064 7.15259 6.58906 6.03356 5.48845 4.95478 4.43291 3.92244 3.42223 2.93039 2.4445 1.96254 1.48306 1.00488 0.52717 0.049439 -0.428114 -0.904049 -1.37699 -1.84649 -2.31299 -2.77555
16.5794 16.7796 16.93 17.0329 17.097 17.1297 17.1363 17.1224 17.0938 17.0554 17.0118 16.9609 16.8983 16.8219 16.7323 16.6311 16.5201 16.4006 16.272 16.131 15.9728 15.7961 15.6053 15.4067 15.2046 14.9994 14.7878 14.5657 14.3307 14.0807 13.8138 13.5292 13.2256 12.9017 12.5553 12.1837 11.7842 11.3549 10.8958 10.408 9.89415 9.35875 8.80663 8.24125 7.66709 7.09029 6.51592 5.94753 5.38799 4.83892 4.30108 3.7745 3.25865 2.75212 2.253 1.7596 1.27064 0.785173 0.302808 -0.176636 -0.653059 -1.12575 -1.59393 -2.05777 -2.51786 -2.97358
16.2642 16.4879 16.6598 16.7815 16.8624 16.9099 16.9298 16.9284 16.9111 16.8834 16.8501 16.809 16.756 16.6896 16.61 16.5192 16.4192 16.3115 16.196 16.0689 15.9242 15.7592 15.5774 15.3852 15.188 14.9874 14.78 14.5616 14.329 14.0794 13.8106 13.5214 13.2112 12.8793 12.5243 12.1442 11.7368 11.3006 10.8359 10.3437 9.82602 9.2869 8.7305 8.15957 7.578 6.9921 6.40709 5.82638 5.25323 4.6897 4.13698 3.59561 3.06536 2.5454 2.0344 1.5308 1.0336 0.542132 0.0562355 -0.424249 -0.899362 -1.36882 -1.83252 -2.29115 -2.74521 -3.19421
15.9429 16.1898 16.3829 16.5239 16.6216 16.6843 16.7182 16.7298 16.7251 16.7085 16.6839 16.6504 16.6053 16.5471 16.4762 16.3946 16.3042 16.2068 16.1026 15.9878 15.8556 15.7018 15.5287 15.3425 15.1497 14.9529 14.7493 14.5338 14.3029 14.0531 13.7816 13.4869 13.1694 12.8292 12.4661 12.078 11.6631 11.2203 10.7499 10.2527 9.7303 9.18624 8.62429 8.04672 7.45713 6.86174 6.26587 5.67308 5.08685 4.50972 3.94314 3.38807 2.84466 2.31273 1.79129 1.27883 0.774682 0.278511 -0.209899 -0.690917 -1.16468 -1.63123 -2.09089 -2.5448 -2.99351 -3.43631
15.6153 15.8856 16.1004 16.2605 16.3751 16.4531 16.5011 16.5261 16.5342 16.5285 16.512 16.4853 16.4468 16.3957 16.3327 16.259 16.1766 16.0876 15.9927 15.8881 15.7668 15.6234 15.4589 15.2791 15.0907 14.8975 14.6968 14.4837 14.2541 14.0036 13.7288 13.4284 13.1033 12.755 12.3838 11.9882 11.5663 11.1171 10.6407 10.138 9.6103 9.06052 8.49204 7.90694 7.3088 6.70355 6.09649 5.4916 4.89265 4.3026 3.72313 3.1554 2.60014 2.0576 1.52697 1.00701 0.497145 -0.00275554 -0.492959 -0.9741 -1.44649 -1.91048 -2.36662 -2.81622 -3.26002 -3.69742
15.2814 15.5765 15.8132 15.9923 16.1236 16.2166 16.2787 16.3171 16.3373 16.3419 16.3336 16.3135 16.2812 16.2366 16.1804 16.1136 16.0378 15.9555 15.8677 15.771 15.6586 15.5245 15.3686 15.1957 15.0124 14.8225 14.6244 14.4131 14.1842 13.9328 13.6547 13.3485 13.0161 12.6599 12.2811 11.8785 11.4502 10.9949 10.5127 10.0041 9.47041 8.91424 8.33848 7.74516 7.13793 6.52262 5.90431 5.28728 4.67586 4.07329 3.48154 2.90221 2.33633 1.78431 1.24561 0.719408 0.205169 -0.297458 -0.788939 -1.27004 -1.74128 -2.20313 -2.65638 -3.10241 -3.54198 -3.97475
14.9439 15.2636 15.5222 15.72 15.8679 15.976 16.0518 16.1028 16.1344 16.1488 16.1483 16.135 16.1091 16.0707 16.0204 15.9595 15.8893 15.8121 15.7291 15.638 15.5324 15.4064 15.2589 15.0936 14.9159 14.7297 14.5338 14.3239 14.0953 13.8427 13.5613 13.2498 12.9108 12.5475 12.1617 11.7528 11.3187 10.8579 10.3701 9.85563 9.31555 8.75237 8.16884 7.56688 6.95011 6.32446 5.69489 5.0657 4.4419 3.82713 3.22361 2.63342 2.05795 1.49773 0.952368 0.421244 -0.0963032 -0.601048 -1.09362 -1.57473 -2.04515 -2.50542 -2.95665 -3.40006 -3.83638 -4.26554
14.6035 14.9475 15.228 15.4448 15.6091 15.7317 15.8207 15.8838 15.9261 15.9495 15.9563 15.9496 15.93 15.8977 15.8532 15.7974 15.7318 15.6585 15.5788 15.4911 15.3903 15.2709 15.1315 14.9743 14.8029 14.6208 14.4272 14.2182 13.9893 13.7352 13.4509 13.135 12.7903 12.4207 12.0287 11.6141 11.1748 10.7089 10.2159 9.69579 9.14928 8.57882 7.98731 7.37661 6.75022 6.11408 5.47309 4.83164 4.19533 3.56844 2.95373 2.35345 1.76938 1.20224 0.65157 0.116594 -0.403645 -0.910124 -1.40355 -1.88485 -2.35499 -2.8146 -3.26478 -3.70669 -4.14099 -4.56781
14.2591 14.628 14.9305 15.1664 15.3471 15.484 15.5857 15.6601 15.7121 15.7435 15.7571 15.7564 15.7427 15.7163 15.6773 15.6265 15.5651 15.495 15.4175 15.3319 15.2345 15.1206 14.9891 14.84 14.6754 14.4978 14.3065 14.098 13.8684 13.6126 13.3256 13.006 12.6568 12.2821 11.8849 11.4653 11.0211 10.5505 10.0526 9.52694 8.9741 8.39654 7.79726 7.17797 6.5421 5.89553 5.24306 4.58938 3.94053 3.30145 2.67578 2.06615 1.47443 0.901342 0.34635 -0.191691 -0.714084 -1.22194 -1.71616 -2.19806 -2.66879 -3.12884 -3.57913 -4.02093 -4.45474 -4.88075
13.9105 14.3051 14.6302 14.8854 15.0827 15.2339 15.3478 15.4323 15.4928 15.5314 15.5513 15.556 15.5474 15.5261 15.4923 15.4466 15.3896 15.3228 15.2474 15.1635 15.0688 14.96 14.8356 14.6945 14.5368 14.3638 14.1748 13.9666 13.7359 13.4784 13.1892 12.8668 12.514 12.1354 11.734 11.3098 10.8609 10.3856 9.88292 9.35212 8.7934 8.20932 7.60283 6.97546 6.33056 5.67397 5.01037 4.34471 3.68358 3.03257 2.39604 1.77757 1.17906 0.600852 0.0421399 -0.49869 -1.02315 -1.53252 -2.02802 -2.51125 -2.98358 -3.44541 -3.89745 -4.34085 -4.77604 -5.20321
13.5594 13.9805 14.3289 14.6036 14.8173 14.9827 15.1084 15.2026 15.2709 15.3159 15.3411 15.3505 15.3462 15.3293 15.3004 15.2598 15.2078 15.1448 15.072 14.9901 14.898 14.7938 14.6758 14.5421 14.3911 14.2229 14.0363 13.8284 13.5967 13.3376 13.0466 12.722 12.3666 11.9848 11.5798 11.1513 10.6978 10.2178 9.71052 9.17509 8.61133 8.0216 7.40873 6.77425 6.12141 5.45583 4.78201 4.10507 3.43237 2.77005 2.12326 1.49645 0.891549 0.308597 -0.253774 -0.797692 -1.32483 -1.8366 -2.33441 -2.82015 -3.29542 -3.76062 -4.2163 -4.66327 -5.10195 -5.53263
13.2077 13.6555 14.0274 14.3219 14.5523 14.7316 14.8689 14.9726 15.0485 15.0995 15.1293 15.1427 15.1422 15.1291 15.1047 15.0692 15.0221 14.9634 14.8941 14.8151 14.7262 14.6264 14.5143 14.3872 14.2424 14.0789 13.8948 13.6875 13.4551 13.1947 12.9024 12.5764 12.219 11.8344 11.4259 10.9932 10.535 10.0502 9.53872 8.99944 8.43175 7.83762 7.21965 6.57938 5.91997 5.24681 4.56423 3.87756 3.19461 2.52212 1.86586 1.23102 0.61977 0.0317134 -0.535077 -1.08306 -1.61407 -2.12966 -2.63139 -3.12136 -3.60138 -4.07193 -4.53335 -4.98603 -5.43044 -5.86698
12.8558 13.3304 13.726 14.0405 14.2878 14.4812 14.6301 14.7433 14.8265 14.8831 14.9175 14.9346 14.9376 14.9281 14.9079 14.877 14.8346 14.7804 14.7152 14.6401 14.5554 14.4605 14.354 14.2328 14.0936 13.9345 13.7531 13.5469 13.3144 13.0534 12.7602 12.4333 12.0745 11.6875 11.2753 10.8385 10.3757 9.88651 9.37117 8.82878 8.25826 7.66108 7.03954 6.39494 5.73043 5.05129 4.36184 3.66751 2.97625 2.29514 1.63036 0.987831 0.370005 -0.224159 -0.796984 -1.35085 -1.88763 -2.40901 -2.91677 -3.41311 -3.90005 -4.37827 -4.84767 -5.30835 -5.76069 -6.20532
12.5022 13.0043 13.424 13.7591 14.0237 14.2315 14.3923 14.5148 14.6053 14.6677 14.7067 14.7277 14.7339 14.7279 14.7116 14.6849 14.647 14.5976 14.5371 14.4667 14.387 14.2977 14.197 14.0815 13.9474 13.7926 13.6141 13.4095 13.1777 12.9166 12.6231 12.2959 11.936 11.5468 11.1315 10.6908 10.2237 9.73046 9.21174 8.66686 8.09434 7.49513 6.87127 6.22391 5.556 4.87279 4.1786 3.47888 2.78153 2.09378 1.42206 0.772307 0.14695 -0.455092 -1.03612 -1.59822 -2.14317 -2.67275 -3.18897 -3.69414 -4.19049 -4.67874 -5.15842 -5.62936 -6.09195 -6.547
12.1471 12.6773 13.1217 13.478 13.7607 13.9834 14.1564 14.2887 14.3871 14.4555 14.4993 14.5241 14.5337 14.531 14.5179 14.4949 14.4613 14.4168 14.3618 14.2971 14.2235 14.1405 14.0462 13.9366 13.8075 13.6567 13.4813 13.2789 13.0481 12.7875 12.4942 12.1669 11.8065 11.4159 10.9981 10.5541 10.0835 9.58666 9.06498 8.51796 7.94383 7.34322 6.71807 6.06942 5.39985 4.71452 4.01762 3.31444 2.61291 1.92042 1.24318 0.586536 -0.0473284 -0.658949 -1.25022 -1.82295 -2.37863 -2.91892 -3.44596 -3.96237 -4.47049 -4.97095 -5.46304 -5.94642 -6.42156 -6.88949
11.7909 12.3497 12.8194 13.1977 13.4988 13.7372 13.9233 14.0664 14.1732 14.2481 14.2971 14.3261 14.3393 14.3395 14.3291 14.3091 14.2795 14.24 14.191 14.1331 14.0669 13.9913 13.9041 13.8008 13.6767 13.5298 13.3576 13.1575 12.9284 12.6688 12.376 12.049 11.6886 11.2973 10.8778 10.4313 9.95806 9.45857 8.93424 8.38498 7.8094 7.20802 6.58245 5.93352 5.26369 4.57781 3.87975 3.17463 2.47045 1.77442 1.09232 0.428764 -0.214224 -0.836489 -1.43954 -2.02487 -2.59344 -3.14663 -3.68671 -4.21653 -4.73846 -5.25298 -5.75936 -6.25724 -6.74711 -7.23041
11.4323 12.0203 12.5166 12.9177 13.238 13.4929 13.693 13.8475 13.9636 14.046 14.1007 14.1344 14.1513 14.1544 14.1464 14.1294 14.1032 14.0685 14.0259 13.9757 13.9181 13.8511 13.7722 13.6756 13.5565 13.4135 13.2446 13.0472 12.82 12.5617 12.2698 11.9436 11.5839 11.1926 10.772 10.3236 9.84837 9.34693 8.82037 8.26903 7.69223 7.0905 6.46505 5.81656 5.14733 4.46184 3.76365 3.05776 2.35192 1.6529 0.966035 0.295415 -0.356997 -0.990536 -1.60633 -2.20554 -2.78854 -3.35633 -3.91128 -4.45631 -4.99367 -5.52383 -6.04619 -6.56034 -7.067 -7.56788
11.07 11.6888 12.2123 12.6371 12.978 13.2506 13.4654 13.6321 13.7581 13.8489 13.9104 13.9495 13.9708 13.9773 13.9721 13.9578 13.935 13.9048 13.8686 13.8269 13.7788 13.7216 13.652 13.5627 13.4485 13.3094 13.144 12.9495 12.7244 12.4675 12.1768 11.8519 11.4932 11.1023 10.6811 10.2315 9.75472 9.25159 8.72324 8.17034 7.59262 6.99083 6.366 5.7184 5.05004 4.36522 3.66732 2.96109 2.25376 1.55186 0.860178 0.182358 -0.479532 -1.1246 -1.75362 -2.36744 -2.96599 -3.54978 -4.12104 -4.68265 -5.23667 -5.78366 -6.32329 -6.85521 -7.38045 -7.90105
10.7035 11.3536 11.9054 12.3549 12.7177 13.0092 13.2398 13.4197 13.5568 13.6568 13.7263 13.772 13.7986 13.8093 13.8076 13.7963 13.7767 13.7509 13.7214 13.6886 13.6507 13.604 13.5442 13.4628 13.3539 13.2189 13.0571 12.8657 12.6429 12.3876 12.0984 11.7749 11.4173 11.0268 10.6054 10.1549 9.67682 9.17226 8.64255 8.08851 7.51017 6.90851 6.28444 5.63785 4.97048 4.28638 3.58868 2.88187 2.17277 1.46775 0.770987 0.0857033 -0.585821 -1.24255 -1.88502 -2.51377 -3.12849 -3.72923 -4.31796 -4.89732 -5.46911 -6.03399 -6.59194 -7.14288 -7.6882 -8.23023
10.3307 11.0129 11.594 12.0697 12.4555 12.7669 13.0146 13.209 13.3586 13.4693 13.5479 13.6016 13.6348 13.6512 13.6542 13.6468 13.6312 13.6104 13.5878 13.5641 13.5363 13.4997 13.4489 13.3752 13.2726 13.1426 12.9848 12.7966 12.5762 12.3227 12.035 11.7127 11.3559 10.9657 10.544 10.0929 9.61378 9.10814 8.57744 8.02261 7.44387 6.84228 6.21872 5.57301 4.90661 4.22312 3.52537 2.8175 2.10614 1.39747 0.695164 0.00212801 -0.67931 -1.34795 -2.00408 -2.64802 -3.27926 -3.89762 -4.50473 -5.10289 -5.6936 -6.27749 -6.85482 -7.42596 -7.99267 -8.55737
9.94912 10.6652 11.2769 11.7799 12.1899 12.5227 12.7888 12.9992 13.1624 13.2849 13.3741 13.4375 13.4794 13.5034 13.513 13.5112 13.5012 13.4867 13.4715 13.4566 13.4384 13.4109 13.3678 13.3013 13.2056 13.0811 12.9274 12.7422 12.5242 12.2726 11.9862 11.6649 11.3086 10.9184 10.4965 10.0448 9.5649 9.05838 8.52683 7.9713 7.39209 6.79039 6.16715 5.52214 4.8565 4.17336 3.47521 2.76581 2.05161 1.33853 0.630029 -0.0710637 -0.762619 -1.44341 -2.11352 -2.77307 -3.42141 -4.05809 -4.68435 -5.30212 -5.91267 -6.51659 -7.11442 -7.70695 -8.29622 -8.88472
9.55687 10.3087 10.9525 11.4839 11.919 12.2743 12.5604 12.7881 12.9663 13.1021 13.2035 13.2783 13.331 13.3649 13.3834 13.3898 13.3876 13.3813 13.3744 13.3679 13.3582 13.3387 13.3029 13.2431 13.1536 13.0342 12.8842 12.7018 12.486 12.2362 11.9512 11.6305 11.2743 10.8841 10.4619 10.0096 9.52899 9.02165 8.48918 7.93275 7.35282 6.75081 6.12771 5.48312 4.8179 4.13474 3.43574 2.72438 2.00683 1.28871 0.573449 -0.136192 -0.838239 -1.53149 -2.21599 -2.89171 -3.55787 -4.21361 -4.8597 -5.49772 -6.12887 -6.75382 -7.37343 -7.9887 -8.60178 -9.21507
9.15397 9.94266 10.6195 11.1801 11.6414 12.02 12.3269 12.5732 12.768 12.919 13.0344 13.1224 13.1877 13.2338 13.2639 13.2815 13.2898 13.2933 13.2955 13.2972 13.2947 13.2821 13.2528 13.1992 13.1155 13.0008 12.8543 12.6744 12.4606 12.2123 11.9282 11.608 11.2519 10.8614 10.4385 9.98562 9.50429 8.99604 8.46251 7.90503 7.32427 6.72175 6.09842 5.45379 4.78849 4.10486 3.40458 2.69082 1.9695 1.24609 0.523787 -0.194887 -0.908 -1.61425 -2.31357 -3.00598 -3.69056 -4.36605 -5.03271 -5.69175 -6.34428 -6.99131 -7.63405 -8.27355 -8.91173 -9.55089
8.739 9.5654 10.276 10.8664 11.3547 11.7576 12.0864 12.3527 12.5658 12.7333 12.8642 12.967 13.0471 13.1075 13.1515 13.1825 13.2035 13.2185 13.2306 13.2404 13.2445 13.2378 13.2144 13.1669 13.0891 12.9791 12.836 12.6585 12.4463 12.1989 11.9152 11.5951 11.239 10.8481 10.4245 9.97085 9.48872 8.97945 8.44479 7.88628 7.30464 6.70138 6.07741 5.43223 4.76629 4.08163 3.37957 2.66301 1.93766 1.20867 0.478997 -0.249038 -0.973561 -1.6932 -2.40782 -3.11742 -3.82094 -4.51678 -5.2048 -5.88576 -6.56068 -7.23099 -7.89828 -8.5635 -9.22823 -9.89441
8.31059 9.17548 9.92057 10.5416 11.0572 11.4851 11.8369 12.1245 12.3571 12.5427 12.6907 12.8104 12.9069 12.9834 13.043 13.0888 13.1239 13.1516 13.1743 13.1922 13.2025 13.2013 13.1839 13.143 13.0712 12.9661 12.8266 12.6512 12.4402 12.1935 11.9098 11.5894 11.2329 10.8415 10.4174 9.96302 9.4801 8.96987 8.43424 7.87477 7.29212 6.68783 6.06276 5.41651 4.74947 4.06331 3.35903 2.63932 1.90963 1.17466 0.437144 -0.300542 -1.03663 -1.76984 -2.50004 -3.22718 -3.94999 -4.66658 -5.37651 -6.08014 -6.7784 -7.47311 -8.16628 -8.85873 -9.55148 -10.246
7.86791 8.77162 9.55175 10.2038 10.7474 11.2009 11.5765 11.8863 12.1398 12.345 12.5121 12.6501 12.7646 12.8585 12.9349 12.9968 13.0467 13.0875 13.1209 13.147 13.1637 13.1683 13.1569 13.1221 13.0565 12.9571 12.8218 12.6492 12.4396 12.1931 11.909 11.5879 11.2308 10.839 10.4145 9.95971 9.4762 8.96528 8.42885 7.86845 7.28473 6.67918 6.05267 5.40488 4.73625 4.04821 3.34137 2.61806 1.8835 1.14203 0.396298 -0.351257 -1.09905 -1.84592 -2.59176 -3.33645 -4.07859 -4.81607 -5.54818 -6.2749 -6.99709 -7.71703 -8.43714 -9.15808 -9.8803 -10.6045
