MatLab_Code/anomaly.grd
DSAA
81 101
0 40000
0 50000
-39.4515 22.1643
[rows 29 to 57 of 101, columns 0 to 65 of 81]
21.9699 21.729 21.4542 21.1658 20.8675 20.5597 20.2434 19.9195 19.5882 19.2493 18.9011 18.5417 18.1701 17.7853 17.3864 16.9717 16.5409 16.0964 15.6422 15.1827 14.7211 14.2567 13.7849 13.3024 12.8106 12.3157 11.8263 11.3485 10.8838 10.4302 9.9854 9.54771 9.11612 8.68966 8.26693 7.84658 7.42737 7.0087 6.5904 6.17238 5.75398 5.33339 4.90866 4.47889 4.0436 3.60241 3.15557 2.70374 2.24754 1.78669 1.31984 0.845288 0.361591 -0.132236 -0.636489 -1.1508 -1.67468 -2.20829 -2.75245 -3.30708 -3.87104 -4.4432 -5.02363 -5.61365 -6.21535 -6.82863
22.0637 21.8168 21.5355 21.2403 20.9349 20.6202 20.2974 19.9669 19.6288 19.283 18.9279 18.5613 18.1826 17.7914 17.3859 16.9644 16.5259 16.0726 15.6084 15.138 14.6653 14.1901 13.7077 13.2148 12.713 12.2087 11.711 11.2268 10.7578 10.3022 9.85724 9.42102 8.99241 8.57031 8.15312 7.73919 7.32713 6.91607 6.50551 6.09504 5.68381 5.27023 4.85283 4.43106 4.00455 3.57297 3.13651 2.69575 2.25095 1.80156 1.34611 0.882875 0.410204 -0.0730828 -0.56742 -1.0725 -1.58794 -2.11404 -2.6518 -3.20159 -3.76241 -4.33292 -4.91235 -5.5008 -6.09938 -6.70824
22.1261 21.8744 21.5879 21.2872 20.9765 20.6565 20.3288 19.9933 19.6503 19.2992 18.9381 18.5657 18.1813 17.7847 17.3741 16.9472 16.5026 16.0418 15.5686 15.0878 14.6042 14.1182 13.6254 13.1225 12.6117 12.0993 11.5946 11.1049 10.6325 10.1755 9.73078 9.2961 8.87 8.45134 8.03845 7.6295 7.2231 6.81828 6.41411 6.00983 5.60448 5.19691 4.78628 4.37238 3.95495 3.53354 3.10831 2.67967 2.24748 1.81084 1.36821 0.917752 0.45761 -0.0136538 -0.496528 -0.990867 -1.49642 -2.01368 -2.54384 -3.08748 -3.64393 -4.21162 -4.78913 -5.37523 -5.96999 -6.57326
22.1591 21.9039 21.6137 21.3092 20.9947 20.6711 20.3399 20.0011 19.6548 19.2997 18.9343 18.5576 18.1691 17.7686 17.3544 16.9241 16.4751 16.0084 15.5272 15.0369 14.5429 14.0464 13.5437 13.032 12.5135 11.9946 11.4841 10.9901 10.5152 10.0573 9.61309 9.1796 8.7552 8.33877 7.92881 7.52339 7.12109 6.72084 6.32146 5.92177 5.52088 5.11822 4.71365 4.30737 3.89908 3.48817 3.07474 2.65898 2.24032 1.81752 1.38888 0.95242 0.506063 0.0481709 -0.421974 -0.904325 -1.39878 -1.90602 -2.42741 -2.96376 -3.51462 -4.07834 -4.65284 -5.23596 -5.82651 -6.42378
22.1643 21.9072 21.615 21.3083 20.9914 20.6656 20.3323 19.9917 19.6436 19.2865 18.9186 18.5389 18.148 17.7455 17.3296 16.8976 16.4465 15.9758 15.4881 14.9893 14.4856 13.9793 13.4677 12.9489 12.4246 11.9008 11.3861 10.8888 10.4121 9.95373 9.50978 9.07689 8.65331 8.23797 7.82948 7.42604 7.02621 6.62882 6.23237 5.83554 5.43767 5.03882 4.63953 4.24035 3.84097 3.44069 3.03948 2.63715 2.2327 1.82454 1.41082 0.989304 0.557766 0.114351 -0.34193 -0.811185 -1.29351 -1.7897 -2.3013 -2.82932 -3.3734 -3.93198 -4.50244 -5.08188 -5.6679 -6.25946
22.1432 21.8861 21.5936 21.2863 20.9684 20.6417 20.3079 19.967 19.6182 19.2609 18.8923 18.5114 18.1197 17.717 17.3016 16.8702 16.4196 15.9474 15.4551 14.9487 14.436 13.9207 13.4017 12.8777 12.35 11.8233 11.3062 10.8068 10.3286 9.86977 9.42572 8.99277 8.56904 8.15358 7.74516 7.34218 6.94323 6.54697 6.15171 5.75607 5.35979 4.96359 4.56864 4.17581 3.7849 3.3952 3.00632 2.61764 2.22772 1.8348 1.43661 1.03079 0.614848 0.186795 -0.254713 -0.70996 -1.17925 -1.66361 -2.16464 -2.68337 -3.21966 -3.77189 -4.33735 -4.91231 -5.49376 -6.07955
22.0978 21.8427 21.552 21.2456 20.9281 20.6019 20.2689 19.929 19.5814 19.2248 18.8571 18.4769 18.0857 17.6846 17.2717 16.8437 16.3965 15.9258 15.4309 14.918 14.397 13.8742 13.3498 12.8229 12.2942 11.767 11.2491 10.7488 10.2698 9.81021 9.36554 8.9318 8.50701 8.09027 7.6806 7.2766 6.87687 6.48012 6.08454 5.68864 5.29256 4.89779 4.50612 4.11874 3.73566 3.35606 2.9792 2.60405 2.22886 1.85134 1.46917 1.07942 0.679637 0.26741 -0.158666 -0.59933 -1.05499 -1.52695 -2.01677 -2.52554 -3.05304 -3.59799 -4.1574 -4.72741 -5.30387 -5.88447
22.0298 21.7793 21.4924 21.1884 20.8727 20.5483 20.2173 19.8801 19.5352 19.1807 18.8148 18.4366 18.0479 17.6497 17.2409 16.818 16.3772 15.9117 15.4164 14.8977 14.3702 13.8421 13.3149 12.7878 12.2603 11.7348 11.2181 10.7181 10.2385 9.7781 9.33243 8.89748 8.47105 8.05219 7.6401 7.23361 6.83149 6.43256 6.03512 5.63761 5.24052 4.84613 4.45672 4.07379 3.69761 3.32729 2.96185 2.59993 2.23926 1.87717 1.51093 1.13754 0.754066 0.357958 -0.0525469 -0.478328 -0.920142 -1.37935 -1.85759 -2.35571 -2.87388 -3.41066 -3.96348 -4.52792 -5.09956 -5.67503
21.9417 21.6974 21.4162 21.117 20.805 20.484 20.1564 19.8226 19.4811 19.1299 18.7671 18.3925 18.0076 17.6136 17.2095 16.7922 16.3588 15.9013 15.4084 14.8858 14.3548 13.8252 13.2984 12.7737 12.2499 11.7282 11.2142 10.7154 10.2359 9.7748 9.32826 8.8921 8.46376 8.0422 7.62679 7.21664 6.81071 6.40801 6.00708 5.60667 5.20759 4.81268 4.42451 4.04492 3.6745 3.31252 2.95773 2.60849 2.26186 1.91488 1.56436 1.20717 0.839928 0.459883 0.0648933 -0.346061 -0.774037 -1.22043 -1.68678 -2.17406 -2.68236 -3.21066 -3.75633 -4.31486 -4.88164 -5.45258
21.8344 21.5992 21.326 21.0331 20.7267 20.4106 20.0876 19.7581 19.4207 19.0737 18.7154 18.3456 17.9654 17.5763 17.177 16.7652 16.3371 15.8851 15.3966 14.8777 14.3498 13.8235 13.301 12.7817 12.2638 11.7476 11.2377 10.7409 10.2618 9.80069 9.35391 8.91691 8.48667 8.06206 7.64276 7.22817 6.81748 6.40977 6.00401 5.59947 5.19739 4.80085 4.41277 4.03534 3.6695 3.31466 2.96964 2.63227 2.29919 1.96672 1.63157 1.29015 0.938858 0.574472 0.194716 -0.201801 -0.616298 -1.05016 -1.50484 -1.98119 -2.47955 -2.99898 -3.53706 -4.08957 -4.65145 -5.21838
21.7114 21.4866 21.2227 20.9378 20.6388 20.3294 20.0124 19.6884 19.3558 19.0138 18.6609 18.2966 17.9222 17.5387 17.1442 16.7368 16.3121 15.863 15.3814 14.8733 14.3551 13.8373 13.3228 12.8117 12.3021 11.7931 11.2883 10.7942 10.3161 9.85582 9.40955 8.97216 8.54031 8.11279 7.68952 7.27025 6.85435 6.44096 6.0294 5.61966 5.21344 4.81401 4.42476 4.04821 3.68557 3.33658 3.00017 2.6738 2.35345 2.0349 1.71445 1.38815 1.05205 0.702665 0.337403 -0.0453427 -0.44703 -0.869058 -1.31259 -1.77846 -2.26691 -2.77731 -3.30748 -3.85367 -4.41083 -4.97419
21.5749 21.3616 21.1087 20.8336 20.5435 20.2424 19.9329 19.6151 19.2882 18.9519 18.6049 18.2468 17.8791 17.5019 17.1131 16.7102 16.289 15.8442 15.372 14.8776 14.3729 13.8669 13.3636 12.8632 12.3638 11.8638 11.3656 10.8755 10.3997 9.9407 9.49521 9.05778 8.62479 8.19495 7.76823 7.34451 6.92336 6.5041 6.0864 5.67078 5.25935 4.85579 4.46392 4.08664 3.72558 3.38099 3.05193 2.73549 2.42681 2.1212 1.8144 1.50225 1.18035 0.844838 0.492983 0.122962 -0.266886 -0.678005 -1.11129 -1.56738 -2.04644 -2.54796 -3.07022 -3.60995 -4.16241 -4.72226
21.4262 21.2258 20.9854 20.7219 20.4425 20.1509 19.8495 19.539 19.2189 18.8891 18.5488 18.1981 17.8379 17.4678 17.0856 16.6884 16.2728 15.8352 15.3741 14.8944 14.4049 13.9132 13.4233 12.9357 12.4481 11.9583 11.4682 10.9839 10.5118 10.0548 9.61026 9.17319 8.73981 8.3086 7.87933 7.45184 7.02584 6.601 6.1773 5.75557 5.33822 4.92936 4.53324 4.15335 3.79206 3.45031 3.12728 2.81945 2.52123 2.22721 1.9328 1.63335 1.32411 1.00102 0.661153 0.302531 -0.0766519 -0.477936 -0.902097 -1.34942 -1.82003 -2.31338 -2.82816 -3.3615 -3.9091 -4.46546
21.2679 21.0807 20.8538 20.6033 20.336 20.0551 19.763 19.4611 19.1489 18.8266 18.4941 18.1516 17.7997 17.4375 17.063 16.6735 16.266 15.838 15.3897 14.9253 14.452 13.9759 13.501 13.0276 12.553 12.0746 11.5938 11.1166 10.6494 10.1954 9.75259 9.31669 8.884 8.45275 8.02231 7.59224 7.16233 6.73256 6.30327 5.8756 5.45213 5.03707 4.63518 4.25081 3.88745 3.54687 3.22833 2.92763 2.63832 2.35423 2.07036 1.78173 1.48338 1.17086 0.841204 0.49233 0.122296 -0.270582 -0.686902 -1.12673 -1.59001 -2.07631 -2.58431 -3.11174 -3.65448 -4.20718
21.1015 20.9279 20.7152 20.4786 20.2243 19.9556 19.6747 19.3825 19.0792 18.7656 18.4418 18.1083 17.7654 17.4123 17.0469 16.6668 16.2693 15.8529 15.4186 14.9703 14.5137 14.0541 13.5951 13.1369 12.6762 12.21 11.7395 11.2703 10.8092 10.3594 9.91953 9.48595 9.05529 8.62558 8.19569 7.76478 7.3325 6.89895 6.46484 6.03179 5.60239 5.18076 4.77203 4.38161 4.01444 3.67334 3.35753 3.06198 2.7793 2.50283 2.22709 1.94694 1.65716 1.35318 1.03177 0.690726 0.327958 -0.0581917 -0.468187 -0.901932 -1.35929 -1.83971 -2.342 -2.86404 -3.40223 -3.95118
20.9265 20.7676 20.5701 20.3482 20.1081 19.8528 19.5841 19.3031 19.0103 18.7066 18.3923 18.0685 17.7356 17.3926 17.0377 16.6685 16.2828 15.8793 15.4598 15.0281 14.5888 14.1465 13.704 13.2613 12.8151 12.3619 11.9025 11.4425 10.9887 10.5443 10.1086 9.67863 9.2514 8.82491 8.39753 7.96786 7.53513 7.09943 6.66182 6.22434 5.78967 5.36176 4.94598 4.54859 4.17613 3.83267 3.51727 3.22402 2.94482 2.67264 2.40192 2.12736 1.8436 1.54583 1.23058 0.895353 0.537929 0.156715 -0.248605 -0.677854 -1.13081 -1.60685 -2.10464 -2.62214 -3.15605 -3.70128
20.7432 20.5998 20.4184 20.2121 19.9872 19.7463 19.4913 19.223 18.9422 18.6495 18.3455 18.0321 17.7102 17.3785 17.0352 16.6786 16.3059 15.9166 15.5127 15.0978 14.676 14.2512 13.8256 13.3988 12.9674 12.5276 12.0803 11.6307 11.1855 10.748 10.3178 9.89252 9.47016 9.04869 8.62597 8.19977 7.76872 7.33272 6.89323 6.45269 6.01393 5.58077 5.15868 4.7544 4.37566 4.02758 3.70928 3.41425 3.13427 2.86233 2.59298 2.3207 2.04012 1.74614 1.43489 1.10351 0.749618 0.371567 -0.0308036 -0.45723 -0.907436 -1.38063 -1.87528 -2.38924 -2.91937 -3.46087
20.552 20.4254 20.261 20.071 19.8619 19.6364 19.3962 19.1418 18.874 18.5935 18.3011 17.999 17.6888 17.3694 17.0392 16.6961 16.3378 15.9635 15.5757 15.1779 14.7738 14.3665 13.9578 13.5468 13.1302 12.7044 12.2701 11.8323 11.3972 10.968 10.5445 10.1253 9.70908 9.29451 8.87869 8.45828 8.03104 7.59663 7.15683 6.71462 6.2731 5.83604 5.40883 4.99839 4.61272 4.25739 3.93191 3.63026 3.34471 3.06879 2.79696 2.52373 2.24341 1.95068 1.64126 1.31185 0.959734 0.583148 0.181931 -0.243483 -0.692552 -1.16428 -1.65701 -2.16842 -2.69539 -3.23334
20.3556 20.2467 20.0997 19.9265 19.7336 19.5237 19.2988 19.0591 18.8052 18.5378 18.2582 17.9686 17.6709 17.3646 17.0483 16.7198 16.3765 16.0181 15.6469 15.2663 14.8798 14.4896 14.0974 13.7021 13.3003 12.889 12.4687 12.044 11.6206 11.2014 10.7863 10.3744 9.9656 9.55977 9.15293 8.74026 8.31866 7.88747 7.44873 7.00583 6.56223 6.12191 5.69026 5.27394 4.88051 4.51533 4.1787 3.8659 3.57045 3.28658 3.00897 2.73181 2.44915 2.15528 1.8455 1.51613 1.16409 0.787261 0.385408 -0.0407078 -0.490126 -0.961586 -1.45337 -1.96309 -2.48748 -3.02214
20.1559 20.0645 19.9348 19.7783 19.6017 19.408 19.1987 18.9743 18.7351 18.4818 18.2161 17.94 17.6556 17.3631 17.0612 16.7478 16.4205 16.0787 15.7242 15.3604 14.9909 14.6177 14.2418 13.8621 13.4754 13.079 12.6736 12.2635 11.8536 11.4464 11.0416 10.6389 10.2389 9.8434 9.44683 9.04312 8.62849 8.20191 7.76518 7.32184 6.87572 6.43146 5.99456 5.57137 5.16867 4.79146 4.44082 4.11362 3.80495 3.50998 3.22375 2.94014 2.65278 2.35552 2.04332 1.71212 1.35835 0.979514 0.575374 0.147035 -0.303998 -0.776177 -1.26779 -1.7764 -2.29866 -2.83021
19.9517 19.8779 19.766 19.6264 19.4659 19.2884 19.0951 18.8863 18.6626 18.4245 18.1738 17.9125 17.6424 17.3644 17.0774 16.7793 16.4683 16.1431 15.8054 15.4586 15.106 14.7495 14.3898 14.0256 13.6541 13.2733 12.8839 12.4897 12.0949 11.7015 11.3095 10.9187 10.5302 10.1455 9.75932 9.36519 8.95859 8.53762 8.10335 7.65908 7.20918 6.75908 6.31483 5.88256 5.46846 5.0772 4.71061 4.36688 4.04255 3.73403 3.43696 3.14456 2.85017 2.54736 2.23078 1.89589 1.53867 1.15618 0.748261 0.316485 -0.137145 -0.610795 -1.1027 -1.61046 -2.13074 -2.65936
19.7418 19.6866 19.5929 19.4705 19.3263 19.1646 18.9872 18.7944 18.5868 18.3647 18.13 17.8846 17.63 17.367 17.0953 16.8132 16.5184 16.2097 15.8889 15.5588 15.2229 14.8829 14.5392 14.1904 13.8346 13.47 13.0976 12.7204 12.342 11.9643 11.5874 11.2112 10.8364 10.4631 10.0875 9.70333 9.30547 8.89083 8.45933 8.01357 7.55818 7.09965 6.64512 6.20093 5.77297 5.36587 4.98194 4.62054 4.27901 3.95507 3.64501 3.34125 3.03723 2.72646 2.40334 2.06294 1.70057 1.31298 0.900111 0.464072 0.00732232 -0.468191 -0.960647 -1.46767 -1.986 -2.51165
19.5254 19.4893 19.4144 19.3096 19.1821 19.0364 18.8747 18.6981 18.5071 18.3018 18.0837 17.8548 17.6165 17.3694 17.1136 16.8477 16.5692 16.2772 15.973 15.6596 15.34 15.0159 14.6878 14.3547 14.0148 13.6672 13.3125 12.9531 12.5921 12.2312 11.8707 11.5102 11.1502 10.7899 10.4258 10.0523 9.6639 9.25633 8.82818 8.38058 7.91789 7.44797 6.97979 6.52061 6.07646 5.65202 5.24996 4.87018 4.51084 4.17006 3.84428 3.52638 3.20992 2.88858 2.55655 2.20842 1.83917 1.44525 1.02679 0.586207 0.126219 -0.351157 -0.844147 -1.35033 -1.86654 -2.3889
19.302 19.2855 19.2295 19.1428 19.0324 18.9029 18.7572 18.5968 18.4226 18.2346 18.0338 17.8219 17.6005 17.37 17.1306 16.881 16.6187 16.3432 16.0559 15.7591 15.4557 15.1471 14.834 14.5162 14.1925 13.8621 13.5257 13.1848 12.8416 12.4979 12.154 11.8096 11.4648 11.1183 10.7666 10.4047 10.0263 9.62663 9.20254 8.75317 8.28159 7.79726 7.31234 6.83568 6.37354 5.93062 5.50974 5.11115 4.73335 4.37432 4.03037 3.69577 3.36431 3.02976 2.68617 2.32796 1.95001 1.54891 1.12469 0.679722 0.216721 -0.262232 -0.755347 -1.26025 -1.7739 -2.29252
19.0703 19.0737 19.0372 18.9689 18.8759 18.7631 18.6336 18.4896 18.3324 18.1619 17.9789 17.7847 17.5808 17.3674 17.1446 16.9112 16.6652 16.4064 16.1359 15.8557 15.5681 15.2742 14.9756 14.6727 14.3652 14.0524 13.7343 13.4116 13.0862 12.7593 12.4317 12.1032 11.7732 11.4403 11.1011 10.7507 10.3826 9.99107 9.5717 9.1213 8.64001 8.13879 7.63499 7.13947 6.65829 6.19616 5.75593 5.33793 4.94072 4.56207 4.19856 3.84528 3.49662 3.14646 2.78888 2.41844 2.03035 1.62145 1.19149 0.742432 0.276894 -0.203096 -0.695835 -1.19895 -1.70953 -2.22388
18.8292 18.8526 18.836 18.7866 18.7114 18.6157 18.5029 18.3756 18.2354 18.0824 17.9173 17.7413 17.5553 17.3594 17.1533 16.936 16.7065 16.4645 16.2107 15.9467 15.6742 15.3947 15.1101 14.8219 14.5303 14.2347 13.9344 13.6293 13.3208 13.0101 12.698 12.3841 12.0678 11.7472 11.4194 11.0792 10.7201 10.3356 9.92022 9.46913 8.97835 8.45982 7.93738 7.42345 6.92353 6.44227 5.9825 5.5447 5.12737 4.72821 4.34407 3.97077 3.60321 3.23554 2.86216 2.47806 2.07886 1.66167 1.22591 0.772909 0.30505 -0.17564 -0.667525 -1.16828 -1.67516 -2.18469
18.5788 18.6227 18.6262 18.5957 18.5386 18.4602 18.3642 18.2536 18.1305 17.995 17.8478 17.69 17.522 17.3434 17.1538 16.9527 16.7395 16.514 16.2766 16.0283 15.7706 15.5051 15.2342 14.9602 14.6839 14.4048 14.1213 13.8327 13.5399 13.244 12.9456 12.6443 12.3393 12.0287 11.7095 11.3765 11.023 10.6419 10.2268 9.77214 9.27329 8.74277 8.20631 7.67694 7.1603 6.66119 6.18256 5.72502 5.28727 4.86719 4.46198 4.06794 3.68045 3.2942 2.90411 2.50565 2.09484 1.66897 1.22719 0.770259 0.300133 -0.181169 -0.67181 -1.16952 -1.67201 -2.17612
18.3186 18.3837 18.4076 18.3962 18.3573 18.2962 18.2169 18.1228 18.0163 17.8977 17.7682 17.6284 17.478 17.3163 17.143 16.9577 16.7604 16.5511 16.3299 16.0971 15.8539 15.6018 15.3442 15.0839 14.8221 14.5585 14.2907 14.0171 13.7381 13.4549 13.1678 12.8763 12.5797 12.2759 11.9614 11.631 11.2782 10.8954 10.4757 10.0141 9.50978 8.97518 8.43137 7.89103 7.36072 6.8458 6.34959 5.87295 5.41507 4.97421 4.54797 4.13307 3.72539 3.32031 2.91331 2.50024 2.07752 1.64271 1.19472 0.733816 0.261491 -0.220338 -0.709459 -1.20363 -1.70104 -2.19904
18.0492 18.1361 18.1808 18.1888 18.1678 18.1235 18.0602 17.9818 17.8911 17.7888 17.6762 17.5538 17.4205 17.2753 17.1178 16.9481 16.7663 16.5731 16.3679 16.1504 15.9212 15.6821 15.4371 15.1898 14.9418 14.6923 14.4386 14.1782 13.9111 13.6383 13.3599 13.0754 12.7837 12.4828 12.1689 11.8367 11.4798 11.0912 10.6646 10.1967 9.68969 9.1548 8.60812 8.06085 7.52001 6.99151 6.47922 5.98451 5.50721 5.04612 4.59924 4.16373 3.7361 3.31246 2.88871 2.46109 2.02643 1.58261 1.12841 0.663524 0.189013 -0.293196 -0.780415 -1.27057 -1.76236 -2.25365
