MatLab_Code/anomaly.grd
DSAA
81 101
0 40000
0 50000
-39.4515 22.1643
[rows 0 to 28 of 101, columns 0 to 65 of 81]
0.99065 1.42937 1.81241 2.10015 2.3106 2.44048 2.50287 2.51307 2.46389 2.35872 2.20757 2.01357 1.79745 1.56775 1.30916 1.03842 0.766894 0.475042 0.170287 -0.138497 -0.463751 -0.801378 -1.14232 -1.49198 -1.84382 -2.18945 -2.53428 -2.87454 -3.20902 -3.5389 -3.85886 -4.17313 -4.48806 -4.79548 -5.08817 -5.37058 -5.63552 -5.87685 -6.10411 -6.31704 -6.51412 -6.70114 -6.87588 -7.03598 -7.18392 -7.31586 -7.42843 -7.52698 -7.61403 -7.69135 -7.76818 -7.84639 -7.92203 -7.99638 -8.06794 -8.13485 -8.20191 -8.27299 -8.34877 -8.4313 -8.52189 -8.61874 -8.71827 -8.81723 -8.91355 -9.00881
2.46087 2.91869 3.29408 3.56358 3.74605 3.85286 3.89607 3.88619 3.82348 3.70961 3.5494 3.34983 3.12299 2.87509 2.60445 2.31846 2.0227 1.71376 1.39422 1.06692 0.728284 0.380501 0.0275812 -0.331008 -0.69167 -1.05068 -1.40906 -1.76446 -2.11489 -2.4595 -2.79595 -3.12566 -3.45087 -3.76805 -4.07316 -4.36639 -4.64443 -4.90497 -5.1521 -5.38631 -5.60706 -5.81665 -6.01394 -6.19726 -6.36725 -6.52261 -6.66155 -6.78636 -6.90027 -7.00639 -7.11053 -7.21506 -7.3189 -7.42245 -7.52409 -7.62261 -7.72106 -7.82229 -7.92699 -8.0367 -8.15262 -8.27333 -8.39598 -8.51788 -8.63722 -8.75539
3.88582 4.32815 4.68124 4.92877 5.08852 5.17634 5.20357 5.17912 5.1065 4.98648 4.81917 4.61293 4.3767 4.11553 3.83302 3.53408 3.22262 2.90085 2.56994 2.2303 1.88175 1.52553 1.16337 0.796777 0.428053 0.0586496 -0.310897 -0.67877 -1.04274 -1.40091 -1.75178 -2.09527 -2.43164 -2.75936 -3.07633 -3.38143 -3.67341 -3.95187 -4.21839 -4.47358 -4.71701 -4.94875 -5.16832 -5.37455 -5.56739 -5.7468 -5.91198 -6.06362 -6.20502 -6.33999 -6.47222 -6.60428 -6.73698 -6.87013 -7.00249 -7.13302 -7.26342 -7.39585 -7.53082 -7.66926 -7.81232 -7.95909 -8.10714 -8.25438 -8.39911 -8.54185
5.22562 5.63593 5.95913 6.18221 6.32147 6.39273 6.40627 6.37038 6.28928 6.16336 5.99229 5.78169 5.53807 5.26664 4.97336 4.66381 4.34222 4.01125 3.67177 3.32372 2.96726 2.60356 2.23392 1.86026 1.48444 1.10704 0.72865 0.350902 -0.0239941 -0.393838 -0.756978 -1.11262 -1.46033 -1.79913 -2.12782 -2.4456 -2.75185 -3.04688 -3.33186 -3.60712 -3.87166 -4.12462 -4.36544 -4.59335 -4.80843 -5.01119 -5.20109 -5.37862 -5.54684 -5.70933 -5.86907 -6.02861 -6.18935 -6.35141 -6.51361 -6.67485 -6.8361 -6.99889 -7.16343 -7.33034 -7.50065 -7.67373 -7.84782 -8.02092 -8.1914 -8.35929
6.47608 6.85042 7.14156 7.3396 7.45933 7.51509 7.51628 7.47058 7.38214 7.25182 7.08004 6.86841 6.61943 6.33904 6.036 5.71764 5.38862 5.05104 4.70525 4.35098 3.98817 3.61813 3.24237 2.863 2.48145 2.09786 1.71253 1.32683 0.943065 0.563609 0.190198 -0.176159 -0.534781 -0.884809 -1.22544 -1.55603 -1.87632 -2.18697 -2.48937 -2.78372 -3.06842 -3.34187 -3.60316 -3.85172 -4.08801 -4.31287 -4.52616 -4.72848 -4.92262 -5.11165 -5.29818 -5.48475 -5.67307 -5.86338 -6.05458 -6.24539 -6.43634 -6.62838 -6.82156 -7.01633 -7.21362 -7.41312 -7.61328 -7.81256 -8.00914 -8.2026
7.64863 7.98488 8.24324 8.41617 8.51672 8.55744 8.54698 8.49249 8.39799 8.26503 8.09398 7.88274 7.62989 7.3421 7.03086 6.70539 6.37088 6.02883 5.67899 5.32051 4.95301 4.57788 4.19744 3.81399 3.4285 3.04063 2.65015 2.2582 1.86715 1.47957 1.0973 0.721342 0.352426 -0.00855388 -0.360846 -0.704005 -1.03794 -1.36349 -1.68226 -1.99462 -2.29863 -2.5919 -2.87302 -3.14151 -3.3981 -3.64397 -3.87954 -4.10579 -4.32511 -4.53998 -4.75277 -4.96604 -5.18157 -5.39968 -5.61927 -5.83894 -6.05871 -6.27921 -6.50033 -6.72252 -6.94668 -7.17252 -7.39891 -7.62455 -7.8477 -8.0673
8.75242 9.05091 9.27676 9.42435 9.5056 9.53156 9.50954 9.44634 9.34591 9.20989 9.0381 8.82645 8.5715 8.2798 7.96421 7.63485 7.29706 6.95237 6.60016 6.23917 5.86864 5.4899 5.10612 4.72002 4.33228 3.9419 3.54799 3.1514 2.75447 2.35985 1.96954 1.58475 1.20624 0.834798 0.471055 0.11531 -0.232304 -0.572564 -0.907004 -1.23619 -1.55825 -1.87025 -2.17031 -2.45797 -2.73405 -3.00007 -3.25704 -3.5063 -3.74997 -3.99009 -4.22886 -4.46862 -4.71103 -4.9565 -5.20401 -5.45198 -5.70003 -5.94844 -6.19718 -6.4466 -6.69742 -6.94961 -7.20225 -7.45438 -7.70433 -7.95046
9.79554 10.0576 10.2514 10.3733 10.4349 10.4459 10.4124 10.3403 10.2326 10.0911 9.91526 9.70126 9.44604 9.15513 8.84019 8.51083 8.17235 7.82678 7.47353 7.11125 6.73905 6.35826 5.97238 5.58468 5.19583 4.80428 4.40849 4.00874 3.60718 3.20645 2.80885 2.41592 2.02836 1.64667 1.27134 0.902669 0.540988 0.185847 -0.163905 -0.508809 -0.847234 -1.17632 -1.49404 -1.79984 -2.09462 -2.38012 -2.65771 -2.92898 -3.19601 -3.46072 -3.72502 -3.99095 -4.25993 -4.53232 -4.80719 -5.08292 -5.3587 -5.6346 -5.9106 -6.18698 -6.46431 -6.74265 -7.02137 -7.29982 -7.57633 -7.84903
10.7843 11.0114 11.1737 11.2698 11.3109 11.307 11.2627 11.1814 11.0657 10.9165 10.7342 10.5167 10.2624 9.97541 9.66441 9.33775 9.00048 8.65526 8.30192 7.93936 7.56676 7.18537 6.7987 6.41037 6.02112 5.62913 5.23235 4.83048 4.42538 4.01964 3.6158 3.21541 2.81908 2.42707 2.03981 1.65777 1.2816 0.911457 0.546705 0.187064 -0.166148 -0.510651 -0.844676 -1.16764 -1.48038 -1.78468 -2.08212 -2.37446 -2.66387 -2.95231 -3.24151 -3.53316 -3.82836 -4.12726 -4.42893 -4.73176 -5.03469 -5.33755 -5.64035 -5.94331 -6.24686 -6.55113 -6.85572 -7.16001 -7.46272 -7.76132
11.7246 11.9181 12.05 12.1203 12.1404 12.1214 12.0666 11.9761 11.8518 11.6947 11.5059 11.285 11.0315 10.7489 10.4428 10.1197 9.78445 9.44015 9.08711 8.72498 8.3533 7.97287 7.58689 7.19888 6.8096 6.41729 6.01973 5.6162 5.20843 4.79891 4.38996 3.98282 3.57806 3.17586 2.77663 2.38113 1.99043 1.60529 1.22582 0.852141 0.485187 0.126398 -0.223018 -0.562459 -0.892496 -1.21485 -1.53126 -1.84362 -2.15436 -2.46566 -2.77905 -3.09586 -3.41684 -3.74177 -4.06958 -4.39867 -4.72789 -5.05701 -5.38604 -5.71515 -6.0446 -6.37441 -6.70429 -7.03387 -7.36181 -7.68563
12.6207 12.782 12.885 12.9308 12.9305 12.8961 12.8296 12.7291 12.596 12.4318 12.2373 12.0134 11.7606 11.481 11.1791 10.8592 10.5262 10.183 9.83081 9.46985 9.10009 8.72179 8.33764 7.95067 7.56155 7.16879 6.77024 6.36527 5.95536 5.54291 5.12974 4.71672 4.3043 3.89255 3.4819 3.07337 2.66844 2.26858 1.87464 1.48712 1.10662 0.733802 0.369393 0.0140067 -0.332756 -0.672511 -1.00698 -1.33823 -1.66912 -2.00222 -2.33909 -2.6805 -3.02663 -3.37691 -3.73001 -4.08428 -4.43876 -4.79329 -5.14785 -5.50264 -5.85751 -6.21223 -6.56664 -6.92058 -7.27291 -7.6209
13.4753 13.606 13.6813 13.7045 13.6862 13.6359 13.5553 13.4435 13.3014 13.1301 12.9305 12.7038 12.4508 12.1731 11.8739 11.5569 11.2261 10.8844 10.5335 10.1743 9.80688 9.43127 9.04954 8.66418 8.27566 7.8825 7.48277 7.07612 6.6641 6.24909 5.83253 5.41466 4.99562 4.57539 4.15419 3.73332 3.31474 2.90066 2.49252 2.09107 1.69675 1.30975 0.93054 0.559684 0.19673 -0.15982 -0.51153 -0.860631 -1.21047 -1.56429 -1.92375 -2.28902 -2.65942 -3.03392 -3.41105 -3.78927 -4.16781 -4.54662 -4.9258 -5.30534 -5.68473 -6.06357 -6.44158 -6.81892 -7.19448 -7.56587
14.2907 14.3916 14.4404 14.4424 14.4065 14.3399 14.2445 14.1207 13.9691 13.7905 13.5857 13.356 13.1022 12.8253 12.5279 12.2132 11.8845 11.5445 11.1953 10.8378 10.4726 10.0997 9.72066 9.33736 8.94997 8.55675 8.15588 7.74732 7.333 6.91545 6.49594 6.0741 5.64942 5.22171 4.79096 4.35861 3.92721 3.49953 3.0776 2.6623 2.25397 1.85274 1.45898 1.07303 0.694292 0.321425 -0.0469791 -0.413307 -0.781351 -1.15492 -1.53587 -1.92365 -2.31682 -2.71397 -3.11358 -3.5143 -3.91559 -4.31739 -4.71986 -5.12285 -5.52565 -5.92748 -6.32831 -6.72809 -7.12615 -7.51992
15.0712 15.1426 15.1653 15.1463 15.0925 15.0094 14.8995 14.7634 14.602 14.4158 14.2056 13.9725 13.7172 13.4404 13.1441 12.8311 12.5039 12.1652 11.8174 11.4616 11.0982 10.7277 10.3511 9.96988 9.58363 9.19054 8.78892 8.379 7.96279 7.54285 7.12032 6.69457 6.2649 5.83064 5.39141 4.94873 4.50533 4.06447 3.62894 3.2 2.77783 2.36262 1.9547 1.55404 1.15987 0.770943 0.385886 0.00227857 -0.383816 -0.776404 -1.17718 -1.58533 -1.99915 -2.41702 -2.83738 -3.25912 -3.68162 -4.10492 -4.52918 -4.95419 -5.37909 -5.80307 -6.22576 -6.64718 -7.06668 -7.48219
15.8148 15.8582 15.8555 15.8151 15.7432 15.6441 15.52 15.3718 15.2003 15.0061 14.7898 14.5526 14.2949 14.0174 13.7214 13.4093 13.0832 12.7456 12.3986 12.0438 11.6817 11.3129 10.9381 10.5583 10.1728 9.77992 9.37801 8.9676 8.55053 8.12867 7.70306 7.27331 6.83882 6.39864 5.95219 5.50061 5.04596 4.59202 4.14298 3.70088 3.26571 2.8374 2.41602 2.0012 1.59207 1.18738 0.785736 0.384728 -0.0193208 -0.429868 -0.848447 -1.2745 -1.7066 -2.14307 -2.58241 -3.02344 -3.46561 -3.90874 -4.35312 -4.79866 -5.24444 -5.68949 -6.13322 -6.57548 -7.0158 -7.4518
16.5192 16.5357 16.508 16.4464 16.3565 16.2416 16.1036 15.9432 15.7614 15.5587 15.3359 15.0939 14.833 14.5537 14.257 13.9448 13.6189 13.2816 12.9349 12.5806 12.2193 11.8514 11.4773 11.0977 10.7121 10.3191 9.91744 9.50746 9.09029 8.66695 8.23848 7.80496 7.36579 6.92021 6.46778 6.00881 5.54388 5.07723 4.61519 4.1607 3.71355 3.27335 2.83966 2.41169 1.98848 1.56884 1.15132 0.733559 0.312461 -0.114653 -0.549124 -0.990984 -1.43916 -1.89216 -2.3485 -2.80709 -3.26712 -3.7283 -4.19107 -4.65545 -5.12069 -5.58566 -6.04957 -6.51184 -6.97194 -7.42767
17.1817 17.1722 17.1206 17.0383 16.9306 16.7999 16.6476 16.4749 16.2827 16.0714 15.8415 15.5939 15.329 15.0467 14.748 14.4346 14.1081 13.7703 13.4232 13.0687 12.7074 12.3393 11.9648 11.5842 11.1973 10.8037 10.4025 9.99324 9.57606 9.15154 8.72065 8.28362 7.84011 7.38957 6.93205 6.46726 5.99352 5.51538 5.04163 4.57597 4.11823 3.66757 3.22297 2.78328 2.34741 1.91421 1.48223 1.04922 0.612656 0.170582 -0.27818 -0.733993 -1.19624 -1.66374 -2.13523 -2.60951 -3.08558 -3.56306 -4.04241 -4.52391 -5.00693 -5.49054 -5.97355 -6.45508 -6.93414 -7.40844
17.8025 17.7675 17.6927 17.5901 17.4644 17.3179 17.1517 16.9666 16.7637 16.543 16.3053 16.0515 15.7816 15.4955 15.194 14.8782 14.5498 14.2104 13.8619 13.5061 13.1435 12.7741 12.3979 12.0152 11.6263 11.2315 10.8302 10.4213 10.0039 9.57823 9.14503 8.70476 8.25732 7.80237 7.33987 6.86914 6.38842 5.90222 5.41978 4.9453 4.47887 4.01935 3.56541 3.11559 2.66869 2.22365 1.77904 1.33278 0.882747 0.427469 -0.0339218 -0.501907 -0.976296 -1.4564 -1.94117 -2.42934 -2.91968 -3.41171 -3.90589 -4.40272 -4.90189 -5.40257 -5.90348 -6.4032 -6.90041 -7.39267
18.382 18.3224 18.225 18.1022 17.959 17.7969 17.6166 17.4191 17.205 16.9746 16.7288 16.4681 16.1925 15.9017 15.5958 15.2761 14.9441 14.6019 14.2509 13.8925 13.5274 13.1552 12.776 12.39 11.9981 11.6012 11.199 10.7899 10.3722 9.94531 9.50973 9.06642 8.61539 8.15642 7.68895 7.21238 6.72676 6.23657 5.74927 5.26898 4.79604 4.32943 3.86784 3.40964 2.95357 2.49857 2.04324 1.58573 1.12427 0.657701 0.185405 -0.293075 -0.777898 -1.2688 -1.76498 -2.26519 -2.76807 -3.27295 -3.7803 -4.29073 -4.80421 -5.32026 -5.83759 -6.35445 -6.86916 -7.37883
18.9197 18.836 18.7162 18.5739 18.4136 18.2361 18.0416 17.8313 17.6059 17.3658 17.1117 16.8437 16.5614 16.2646 15.953 15.6277 15.2906 14.944 14.5892 14.2271 13.8579 13.4816 13.0978 12.7072 12.3109 11.9105 11.5061 11.096 10.6778 10.2497 9.81205 9.36621 8.91237 8.45015 7.97877 7.49825 7.01022 6.51885 6.02989 5.54672 5.06969 4.59811 4.13089 3.66639 3.20318 2.74017 2.27601 1.80914 1.33826 0.862427 0.381121 -0.106164 -0.599817 -1.09978 -1.60546 -2.11579 -2.62943 -3.14554 -3.66437 -4.18662 -4.71256 -5.24203 -5.77401 -6.30675 -6.83822 -7.36506
19.4135 19.3068 19.1653 19.004 18.8268 18.6339 18.4253 18.2022 17.9655 17.7155 17.4528 17.1768 16.8871 16.5831 16.2646 15.9325 15.5888 15.2359 14.8758 14.5085 14.1337 13.7517 13.3622 12.9656 12.5634 12.1578 11.7495 11.337 10.9175 10.4884 10.0496 9.6023 9.14693 8.68299 8.20984 7.72813 7.24024 6.74986 6.26159 5.77809 5.29954 4.82547 4.35504 3.88651 3.41824 2.9491 2.47798 2.00375 1.52545 1.04238 0.554014 0.0597325 -0.441013 -0.948251 -1.46158 -1.9802 -2.50281 -3.02842 -3.55712 -4.0895 -4.62595 -5.16675 -5.71145 -6.25854 -6.80581 -7.34932
19.8641 19.7355 19.5735 19.3937 19.1997 18.9914 18.769 18.5331 18.2849 18.0244 17.7523 17.4679 17.1701 16.8581 16.5315 16.1911 15.8392 15.4786 15.1113 14.7372 14.3559 13.9672 13.5709 13.1671 12.7573 12.3443 11.9298 11.5132 11.0917 10.662 10.223 9.77567 9.32026 8.85648 8.38398 7.9038 7.41848 6.93124 6.44579 5.96431 5.48683 5.01286 4.54159 4.07115 3.59977 3.12649 2.65047 2.17095 1.68724 1.19884 0.705256 0.205802 -0.300176 -0.812846 -1.33204 -1.85713 -2.38694 -2.92038 -3.45735 -3.99817 -4.54336 -5.09344 -5.64869 -6.20805 -6.76977 -7.32931
20.2717 20.1226 19.9411 19.7436 19.5331 19.3096 19.0733 18.8249 18.5651 18.2941 18.012 17.7184 17.4118 17.0909 16.7552 16.4057 16.0448 15.6751 15.2988 14.9164 14.5276 14.1314 13.7273 13.315 12.896 12.4736 12.0504 11.6276 11.2036 10.7738 10.3357 9.88934 9.43536 8.97367 8.50412 8.02789 7.54734 7.06525 6.58471 6.10749 5.63343 5.16191 4.69194 4.2215 3.74893 3.27357 2.79485 2.31216 1.82508 1.33332 0.836371 0.333497 -0.17594 -0.692271 -1.21555 -1.74537 -2.28061 -2.82021 -3.36389 -3.91164 -4.46381 -5.02117 -5.58469 -6.15432 -6.72862 -7.30316
20.6366 20.4683 20.2683 20.0543 19.8282 19.5899 19.3399 19.079 18.8078 18.5263 18.2342 17.9308 17.6144 17.2839 16.9387 16.5796 16.2089 15.8292 15.443 15.051 14.6533 14.2488 13.8359 13.4141 12.985 12.5518 12.1183 11.6878 11.2603 10.8301 10.393 9.94832 9.49694 9.03903 8.57434 8.10402 7.63019 7.15514 6.6814 6.21026 5.74151 5.2744 4.80762 4.33911 3.86743 3.3921 2.91275 2.42897 1.94063 1.44754 0.949098 0.444543 -0.0666785 -0.584947 -1.11058 -1.64335 -2.1823 -2.72646 -3.27527 -3.8285 -4.386 -4.94896 -5.51857 -6.09605 -6.68093 -7.26901
20.9591 20.7732 20.5563 20.3266 20.0856 19.8332 19.5701 19.2968 19.0141 18.7222 18.4202 18.1067 17.7805 17.4403 17.0854 16.7164 16.3354 15.9448 15.5477 15.1454 14.738 14.3243 13.9021 13.4704 13.0307 12.5868 12.1431 11.7044 11.272 10.8396 10.4023 9.95934 9.51128 9.05811 8.59953 8.13659 7.67099 7.20458 6.73916 6.27562 5.81376 5.35269 4.89078 4.42603 3.95721 3.48392 3.0059 2.52303 2.03539 1.54292 1.04493 0.540482 0.0291536 -0.489431 -1.01575 -1.54975 -2.09069 -2.63769 -3.19012 -3.74723 -4.30884 -4.87558 -5.44964 -6.03283 -6.62607 -7.22552
21.2394 21.0384 20.8063 20.5616 20.3064 20.0407 19.7652 19.4803 19.1866 18.8842 18.572 18.2486 17.9128 17.5632 17.1985 16.8195 16.428 16.0264 15.6178 15.2042 14.7863 14.3628 13.9311 13.4894 13.0394 12.5853 12.1327 11.6864 11.2472 10.8103 10.3715 9.92971 9.48497 9.03708 8.58557 8.13106 7.67473 7.21793 6.7618 6.30691 5.85318 5.39947 4.94384 4.48442 4.02016 3.55064 3.07576 2.59566 2.11065 1.62076 1.12519 0.622842 0.113168 -0.404124 -0.92954 -1.4631 -2.00423 -2.55223 -3.10648 -3.66614 -4.23038 -4.79994 -5.37684 -5.96397 -6.56318 -7.17127
21.4788 21.265 21.0196 20.7613 20.4932 20.2153 19.928 19.6319 19.3277 19.0152 18.6929 18.3597 18.0143 17.6555 17.2817 16.8928 16.4905 16.0776 15.6573 15.2321 14.8035 14.37 13.9286 13.477 13.0167 12.5527 12.0914 11.6373 11.1908 10.7485 10.3076 9.8666 9.42511 8.98276 8.53884 8.09332 7.64681 7.20001 6.7535 6.30786 5.8631 5.41779 4.96956 4.5166 4.05813 3.59385 3.12375 2.64824 2.16772 1.68234 1.19123 0.692995 0.186903 -0.327429 -0.85033 -1.38177 -1.92125 -2.46832 -3.02262 -3.58323 -4.14912 -4.72046 -5.29933 -5.8888 -6.49163 -7.10537
21.6796 21.4546 21.1976 20.9278 20.6481 20.3589 20.0608 19.7543 19.4401 19.118 18.7863 18.4439 18.0894 17.7213 17.3385 16.94 16.5273 16.1032 15.6713 15.2346 14.7951 14.3518 13.9006 13.4389 12.9681 12.4939 12.0233 11.5609 11.1074 10.6604 10.2176 9.77749 9.33929 8.90246 8.46609 8.0295 7.59272 7.15589 6.71917 6.2831 5.84758 5.41092 4.97061 4.52495 4.07333 3.61555 3.1518 2.68249 2.20831 1.72933 1.24454 0.752393 0.251822 -0.257648 -0.77625 -1.3038 -1.83979 -2.38403 -2.93657 -3.49668 -4.06316 -4.63551 -5.21562 -5.8063 -6.41036 -7.02671
21.8427 21.6087 21.3419 21.0621 20.7723 20.4731 20.1652 19.8493 19.5262 19.1952 18.8549 18.5037 18.1403 17.7634 17.3719 16.9649 16.5428 16.1082 15.6648 15.2166 14.7661 14.3124 13.8511 13.379 12.8977 12.4131 11.9329 11.4625 11.0028 10.552 10.1079 9.66896 9.23414 8.80268 8.37345 7.94536 7.51778 7.09046 6.66333 6.23664 5.81002 5.38167 4.94926 4.51146 4.06768 3.61768 3.16167 2.70027 2.23417 1.76341 1.28673 0.802497 0.309452 -0.193169 -0.705567 -1.2274 -1.75817 -2.29786 -2.84694 -3.40511 -3.9709 -4.54368 -5.12424 -5.71504 -6.31868 -6.93473
