MatLab_Code/h1.grd
DSAA
81 101
0 40000
0 50000
48.2525 512.275
[rows 64 to 95 of 101, columns 0 to 71 of 81]
126.15 132.52 139.43 146.71 154.38 162.42 170.8 179.39 187.77 194.4 197.34 198.2 198.77 199.55 200.7 202.25 204.22 206.59 209.37 212.5 215.97 219.69 223.6 227.61 231.59 235.35 238.56 240.52 240.78 239.81 238.01 235.5 232.33 228.63 224.55 220.33 216.26 212.68 209.93 208.29 207.94 208.85 210.85 213.61 216.72 219.72 222.19 223.75 224.1 223.03 220.43 216.29 210.68 203.78 195.91 187.49 179.17 171.87 166.9 165.82 169.96 179.6 193.8 211.09 230.13 249.97 269.93 289.6 308.65 326.9 344.15 360.35
126.81 133.09 139.87 146.98 154.42 162.12 170 177.83 185.08 190.78 194.19 195.91 196.97 197.94 199.1 200.54 202.32 204.46 206.94 209.76 212.89 216.27 219.84 223.51 227.15 230.54 233.39 235.28 235.99 235.65 234.53 232.75 230.41 227.63 224.54 221.32 218.21 215.46 213.31 211.97 211.57 212.1 213.44 215.36 217.54 219.64 221.31 222.26 222.24 221.06 218.66 215.02 210.24 204.51 198.14 191.57 185.42 180.51 177.88 178.62 183.58 192.91 206.08 222.11 239.97 258.85 278.07 297.18 315.8 333.7 350.68 366.6
127.11 133.26 139.87 146.75 153.88 161.17 168.49 175.57 181.97 187.12 190.68 192.91 194.41 195.63 196.87 198.27 199.92 201.85 204.09 206.63 209.46 212.54 215.81 219.19 222.54 225.69 228.37 230.34 231.43 231.71 231.28 230.28 228.79 226.93 224.79 222.53 220.29 218.28 216.66 215.59 215.16 215.39 216.21 217.46 218.9 220.28 221.34 221.82 221.55 220.37 218.22 215.13 211.19 206.6 201.67 196.81 192.59 189.71 188.97 191.16 196.84 206.11 218.64 233.75 250.68 268.7 287.23 305.77 323.98 341.52 358.18 373.75
127.09 133.07 139.47 146.09 152.88 159.73 166.5 172.93 178.71 183.47 187.03 189.54 191.35 192.79 194.13 195.52 197.07 198.84 200.86 203.16 205.72 208.54 211.56 214.69 217.84 220.84 223.5 225.64 227.13 227.99 228.27 228.06 227.43 226.47 225.26 223.9 222.5 221.16 220.02 219.18 218.74 218.74 219.14 219.86 220.72 221.55 222.13 222.29 221.87 220.76 218.93 216.41 213.31 209.81 206.21 202.9 200.37 199.2 200.03 203.4 209.73 219.09 231.25 245.72 261.9 279.25 297.18 315.25 333.02 350.2 366.52 381.75
126.78 132.58 138.75 145.08 151.51 157.94 164.2 170.09 175.38 179.83 183.34 185.99 187.99 189.59 191.01 192.4 193.86 195.49 197.32 199.39 201.72 204.29 207.09 210.05 213.07 216.03 218.77 221.15 223.06 224.5 225.48 226.04 226.27 226.2 225.9 225.42 224.81 224.12 223.42 222.8 222.35 222.16 222.22 222.51 222.93 223.34 223.58 223.52 223.04 222.07 220.6 218.66 216.36 213.88 211.51 209.58 208.53 208.81 210.94 215.32 222.25 231.77 243.74 257.8 273.45 290.25 307.73 325.35 342.8 359.68 375.65 390.52
126.2 131.81 137.75 143.79 149.88 155.9 161.72 167.16 172.06 176.24 179.66 182.34 184.45 186.15 187.62 188.99 190.37 191.86 193.51 195.37 197.47 199.84 202.46 205.29 208.26 211.26 214.15 216.82 219.19 221.21 222.87 224.21 225.27 226.08 226.68 227.07 227.24 227.18 226.9 226.47 226.01 225.63 225.42 225.37 225.44 225.54 225.55 225.37 224.92 224.15 223.06 221.69 220.16 218.63 217.37 216.67 216.89 218.41 221.64 226.88 234.35 244.1 256 269.8 285.1 301.52 318.63 335.98 353.15 369.77 385.48 400
125.41 130.83 136.53 142.29 148.06 153.72 159.15 164.21 168.77 172.72 176.01 178.69 180.83 182.57 184.05 185.38 186.68 188.02 189.49 191.15 193.04 195.22 197.69 200.44 203.41 206.51 209.63 212.65 215.48 218.08 220.42 222.51 224.38 226.06 227.55 228.81 229.79 230.36 230.48 230.2 229.69 229.14 228.69 228.38 228.19 228.07 227.94 227.73 227.37 226.84 226.14 225.33 224.53 223.88 223.61 223.99 225.32 227.91 232.07 238.06 246.03 256.02 267.95 281.6 296.7 312.85 329.73 346.9 363.9 380.4 395.9 410.1
124.44 129.67 135.14 140.65 146.12 151.44 156.53 161.27 165.55 169.28 172.45 175.06 177.19 178.93 180.39 181.66 182.86 184.05 185.33 186.77 188.46 190.44 192.78 195.48 198.51 201.78 205.17 208.59 211.91 215.09 218.09 220.91 223.57 226.09 228.46 230.62 232.43 233.68 234.18 233.99 233.37 232.63 231.97 231.45 231.09 230.84 230.66 230.48 230.26 230 229.71 229.45 229.32 229.47 230.1 231.43 233.72 237.22 242.2 248.83 257.25 267.52 279.52 293.15 308.07 324.1 340.85 357.95 374.93 391.4 406.82 420.75
123.33 128.38 133.65 138.91 144.11 149.15 153.94 158.39 162.42 165.96 168.99 171.52 173.61 175.31 176.71 177.91 178.98 180.01 181.09 182.31 183.76 185.55 187.76 190.44 193.56 197.06 200.79 204.63 208.47 212.22 215.85 219.38 222.78 226.1 229.32 232.4 235.13 237.15 238.01 237.79 236.98 236.03 235.19 234.52 234.06 233.76 233.59 233.51 233.49 233.53 233.65 233.91 234.41 235.29 236.72 238.88 242 246.3 251.97 259.18 268 278.5 290.63 304.25 319.13 335.1 351.82 368.95 386.07 402.65 418.15 431.9
122.11 127 132.08 137.13 142.09 146.87 151.4 155.59 159.4 162.76 165.66 168.09 170.11 171.75 173.08 174.18 175.12 175.97 176.83 177.8 179 180.56 182.63 185.3 188.57 192.35 196.47 200.78 205.14 209.46 213.7 217.87 221.96 226.01 230.04 234.03 237.78 240.75 241.96 241.49 240.37 239.22 238.25 237.52 237.03 236.76 236.67 236.74 236.94 237.3 237.82 238.59 239.68 241.22 243.35 246.25 250.1 255.07 261.35 269.02 278.23 288.98 301.2 314.85 329.75 345.68 362.45 379.73 397.07 414 429.75 443.5
120.83 125.59 130.5 135.35 140.09 144.64 148.94 152.91 156.52 159.72 162.48 164.81 166.75 168.31 169.56 170.55 171.34 172.01 172.63 173.33 174.23 175.52 177.41 180.08 183.54 187.67 192.24 197.06 201.94 206.81 211.62 216.37 221.07 225.76 230.49 235.28 240.1 244.39 245.89 244.81 243.33 242.06 241.06 240.35 239.93 239.76 239.81 240.08 240.55 241.23 242.16 243.41 245.04 247.18 249.94 253.47 257.95 263.52 270.3 278.4 287.93 298.85 311.2 324.88 339.75 355.73 372.55 390 407.73 425.18 441.5 455.48
119.54 124.17 128.94 133.62 138.16 142.5 146.59 150.37 153.79 156.84 159.47 161.71 163.55 165.03 166.19 167.07 167.72 168.19 168.58 168.97 169.52 170.47 172.13 174.77 178.49 183.06 188.15 193.5 198.91 204.3 209.62 214.87 220.08 225.28 230.54 235.91 241.44 246.94 248.67 247.13 245.61 244.41 243.54 242.98 242.71 242.71 242.97 243.47 244.22 245.25 246.58 248.27 250.43 253.07 256.4 260.52 265.55 271.6 278.8 287.25 297.02 308.13 320.55 334.25 349.1 365.05 381.93 399.52 417.63 435.75 453.07 467.75
118.28 122.81 127.45 131.96 136.32 140.48 144.38 147.98 151.24 154.14 156.66 158.79 160.55 161.95 163.03 163.8 164.32 164.62 164.76 164.84 165 165.5 166.79 169.38 173.44 178.58 184.28 190.18 196.1 201.95 207.71 213.38 218.99 224.57 230.16 235.77 241.37 246.44 248.59 248.03 247.06 246.25 245.67 245.36 245.32 245.56 246.07 246.85 247.91 249.28 251 253.13 255.72 258.9 262.7 267.3 272.8 279.27 286.85 295.6 305.55 316.77 329.2 342.88 357.68 373.55 390.38 408.02 426.35 445.15 463.85 480.23
117.11 121.55 126.06 130.42 134.61 138.59 142.32 145.75 148.87 151.65 154.06 156.1 157.78 159.11 160.11 160.8 161.2 161.35 161.29 161.07 160.8 160.74 161.46 163.92 168.51 174.39 180.75 187.19 193.57 199.82 205.94 211.93 217.83 223.65 229.4 235.02 240.34 244.75 247.26 247.93 247.83 247.58 247.44 247.48 247.76 248.29 249.09 250.18 251.55 253.28 255.38 257.9 260.93 264.52 268.8 273.8 279.7 286.55 294.4 303.35 313.48 324.73 337.18 350.75 365.43 381.1 397.75 415.27 433.55 452.55 472.15 490.7
116.09 120.43 124.81 129.02 133.05 136.86 140.43 143.72 146.71 149.36 151.68 153.64 155.26 156.53 157.47 158.1 158.44 158.48 158.26 157.81 157.18 156.5 156.28 158.41 163.92 170.76 177.75 184.65 191.39 197.94 204.33 210.56 216.65 222.6 228.39 233.93 238.99 243.14 245.95 247.44 248.15 248.55 248.91 249.37 250.03 250.88 252.03 253.43 255.13 257.2 259.68 262.57 265.98 269.98 274.63 280.02 286.25 293.38 301.45 310.57 320.77 332.05 344.43 357.85 372.27 387.68 404 421.1 438.93 457.32 476.05 493.3
115.3 119.5 123.72 127.78 131.65 135.3 138.72 141.88 144.74 147.29 149.53 151.43 153 154.23 155.15 155.75 156.05 156.05 155.77 155.22 154.39 153.31 152.15 153.78 160.43 168.07 175.48 182.67 189.63 196.38 202.93 209.31 215.5 221.51 227.28 232.72 237.62 241.72 244.79 246.87 248.25 249.27 250.15 251.07 252.1 253.35 254.82 256.57 258.63 261.02 263.82 267.07 270.85 275.2 280.18 285.9 292.4 299.75 308.02 317.25 327.48 338.7 350.93 364.13 378.27 393.3 409.07 425.57 442.52 459.73 476.35 490.38
114.76 118.78 122.83 126.71 130.42 133.93 137.21 140.24 142.99 145.46 147.62 149.47 151 152.22 153.14 153.75 154.07 154.11 153.88 153.38 152.64 151.7 150.8 152.57 159.09 166.64 174.06 181.3 188.32 195.15 201.78 208.21 214.45 220.46 226.19 231.53 236.36 240.49 243.81 246.35 248.28 249.85 251.22 252.6 254.05 255.68 257.5 259.57 261.98 264.7 267.85 271.43 275.52 280.18 285.45 291.43 298.15 305.7 314.07 323.38 333.57 344.7 356.73 369.65 383.43 397.95 413.13 428.8 444.73 460.45 475.18 487.38
114.44 118.26 122.11 125.82 129.37 132.73 135.88 138.8 141.46 143.84 145.95 147.76 149.29 150.52 151.46 152.12 152.52 152.66 152.57 152.29 151.88 151.55 151.86 154.32 159.66 166.41 173.47 180.54 187.48 194.28 200.89 207.31 213.53 219.51 225.18 230.47 235.27 239.47 243.01 245.92 248.32 250.35 252.22 254.03 255.88 257.88 260.05 262.48 265.18 268.25 271.68 275.57 279.98 284.9 290.43 296.63 303.52 311.2 319.65 328.95 339.1 350.07 361.88 374.48 387.8 401.75 416.23 431.02 445.82 460.2 473.4 484.48
114.32 117.92 121.56 125.1 128.5 131.72 134.75 137.56 140.14 142.46 144.53 146.32 147.85 149.1 150.1 150.84 151.36 151.66 151.8 151.84 151.9 152.25 153.44 156.26 160.98 166.98 173.56 180.31 187.07 193.74 200.27 206.63 212.79 218.71 224.32 229.57 234.38 238.66 242.4 245.62 248.41 250.88 253.15 255.38 257.6 259.95 262.48 265.23 268.27 271.63 275.35 279.52 284.18 289.35 295.1 301.48 308.52 316.27 324.77 334.02 344.05 354.85 366.38 378.6 391.45 404.82 418.55 432.48 446.23 459.43 471.45 481.7
114.34 117.74 121.19 124.55 127.8 130.89 133.81 136.52 139.03 141.3 143.34 145.13 146.67 147.97 149.05 149.91 150.57 151.08 151.49 151.89 152.43 153.38 155.15 158.16 162.55 168.01 174.12 180.53 187.03 193.52 199.91 206.17 212.24 218.08 223.63 228.85 233.67 238.05 241.97 245.45 248.56 251.4 254.05 256.65 259.25 261.95 264.8 267.85 271.2 274.85 278.85 283.27 288.15 293.52 299.48 305.98 313.13 320.95 329.43 338.63 348.5 359.1 370.32 382.15 394.5 407.25 420.25 433.3 446.13 458.3 469.43 479.05
114.47 117.68 120.95 124.16 127.26 130.23 133.04 135.68 138.12 140.35 142.37 144.17 145.75 147.12 148.29 149.28 150.12 150.85 151.56 152.31 153.29 154.72 156.88 160.02 164.21 169.3 175 181.07 187.3 193.57 199.8 205.92 211.88 217.63 223.13 228.32 233.16 237.63 241.71 245.41 248.81 251.95 254.95 257.9 260.82 263.82 267 270.38 273.98 277.88 282.15 286.8 291.88 297.43 303.52 310.15 317.38 325.2 333.68 342.75 352.48 362.82 373.73 385.15 396.98 409.13 421.45 433.73 445.7 457.02 467.4 476.52
114.69 117.73 120.85 123.9 126.88 129.74 132.46 135.02 137.41 139.61 141.63 143.44 145.07 146.51 147.79 148.93 149.96 150.93 151.91 153 154.36 156.16 158.59 161.82 165.9 170.71 176.09 181.85 187.81 193.86 199.91 205.88 211.72 217.38 222.81 227.98 232.84 237.38 241.6 245.5 249.14 252.57 255.88 259.1 262.35 265.65 269.1 272.75 276.6 280.75 285.25 290.1 295.38 301.07 307.3 314 321.25 329.1 337.5 346.45 355.98 366.07 376.65 387.65 399 410.57 422.25 433.8 445.02 455.65 465.43 474.1
114.98 117.89 120.85 123.78 126.64 129.4 132.03 134.53 136.88 139.07 141.08 142.93 144.62 146.14 147.54 148.82 150.04 151.23 152.49 153.88 155.56 157.64 160.28 163.58 167.57 172.19 177.31 182.8 188.52 194.34 200.2 206.02 211.74 217.3 222.68 227.82 232.7 237.31 241.64 245.72 249.57 253.25 256.8 260.32 263.82 267.4 271.13 275 279.1 283.48 288.15 293.2 298.63 304.48 310.77 317.55 324.82 332.6 340.93 349.75 359.1 368.93 379.15 389.75 400.63 411.65 422.73 433.63 444.2 454.23 463.48 471.8
115.34 118.12 120.96 123.77 126.53 129.2 131.77 134.22 136.53 138.71 140.73 142.62 144.36 145.98 147.5 148.93 150.33 151.74 153.24 154.9 156.83 159.14 161.94 165.3 169.23 173.7 178.61 183.88 189.37 194.99 200.67 206.34 211.93 217.39 222.71 227.82 232.72 237.38 241.82 246.04 250.07 253.97 257.75 261.52 265.27 269.1 273.02 277.15 281.48 286.05 290.9 296.07 301.65 307.6 313.98 320.8 328.05 335.8 344.02 352.7 361.82 371.38 381.27 391.48 401.9 412.43 422.93 433.27 443.27 452.75 461.57 469.6
115.76 118.44 121.17 123.88 126.54 129.14 131.65 134.05 136.34 138.51 140.56 142.48 144.29 146 147.64 149.22 150.8 152.41 154.12 156 158.15 160.65 163.57 166.97 170.86 175.22 179.96 185.03 190.32 195.76 201.28 206.79 212.26 217.64 222.89 227.97 232.88 237.6 242.12 246.47 250.65 254.72 258.75 262.7 266.68 270.73 274.88 279.18 283.7 288.45 293.45 298.8 304.48 310.5 316.9 323.75 331 338.68 346.8 355.3 364.23 373.5 383.07 392.9 402.88 412.95 422.95 432.77 442.27 451.3 459.73 467.45
116.23 118.81 121.46 124.08 126.67 129.2 131.66 134.03 136.3 138.47 140.55 142.52 144.4 146.2 147.95 149.67 151.41 153.19 155.1 157.18 159.51 162.16 165.18 168.62 172.47 176.73 181.34 186.25 191.37 196.64 202 207.38 212.74 218.03 223.21 228.27 233.18 237.94 242.54 246.99 251.32 255.55 259.73 263.88 268.05 272.27 276.63 281.1 285.8 290.7 295.85 301.3 307.05 313.15 319.63 326.45 333.68 341.27 349.25 357.6 366.3 375.3 384.57 394.05 403.63 413.25 422.8 432.18 441.23 449.85 457.93 465.38
116.75 119.27 121.83 124.38 126.9 129.38 131.79 134.13 136.4 138.59 140.68 142.7 144.65 146.54 148.4 150.25 152.14 154.09 156.16 158.41 160.89 163.66 166.76 170.22 174.06 178.24 182.74 187.51 192.49 197.61 202.82 208.08 213.33 218.54 223.66 228.69 233.6 238.39 243.05 247.59 252.03 256.4 260.75 265.02 269.4 273.8 278.32 282.95 287.77 292.82 298.1 303.65 309.48 315.63 322.1 328.93 336.07 343.6 351.45 359.63 368.1 376.85 385.82 394.95 404.18 413.4 422.52 431.48 440.15 448.4 456.18 463.38
117.33 119.78 122.27 124.76 127.22 129.66 132.04 134.36 136.63 138.82 140.95 143.02 145.03 147.01 148.97 150.95 152.97 155.06 157.28 159.67 162.28 165.15 168.32 171.81 175.62 179.74 184.15 188.8 193.65 198.64 203.73 208.87 214.02 219.15 224.22 229.22 234.13 238.94 243.65 248.27 252.82 257.3 261.75 266.23 270.7 275.25 279.9 284.7 289.65 294.8 300.18 305.8 311.7 317.88 324.32 331.13 338.25 345.65 353.38 361.38 369.68 378.18 386.85 395.65 404.52 413.38 422.15 430.73 439.02 446.98 454.45 461.45
117.95 120.34 122.78 125.22 127.64 130.03 132.39 134.71 136.97 139.18 141.34 143.45 145.53 147.59 149.66 151.74 153.88 156.1 158.45 160.96 163.68 166.63 169.86 173.37 177.16 181.23 185.56 190.12 194.85 199.72 204.71 209.75 214.81 219.86 224.88 229.85 234.75 239.58 244.33 249.01 253.63 258.2 262.8 267.35 271.98 276.68 281.45 286.35 291.43 296.68 302.13 307.8 313.73 319.93 326.4 333.15 340.18 347.5 355.1 362.93 371 379.25 387.68 396.18 404.75 413.25 421.68 429.9 437.88 445.55 452.77 459.6
118.61 120.96 123.36 125.75 128.13 130.5 132.84 135.14 137.41 139.64 141.84 144 146.14 148.28 150.43 152.61 154.86 157.19 159.66 162.28 165.08 168.11 171.38 174.9 178.68 182.71 186.97 191.44 196.08 200.86 205.74 210.68 215.66 220.65 225.63 230.56 235.45 240.29 245.07 249.81 254.5 259.15 263.82 268.5 273.25 278.02 282.9 287.93 293.07 298.4 303.93 309.65 315.6 321.8 328.27 334.98 341.93 349.15 356.6 364.27 372.13 380.18 388.32 396.57 404.82 413.02 421.13 429.05 436.75 444.13 451.15 457.77
119.32 121.63 123.99 126.34 128.7 131.04 133.37 135.67 137.95 140.19 142.43 144.63 146.84 149.04 151.28 153.55 155.9 158.33 160.89 163.6 166.49 169.57 172.88 176.41 180.18 184.18 188.38 192.78 197.33 202.03 206.81 211.68 216.59 221.51 226.44 231.34 236.22 241.07 245.87 250.65 255.4 260.13 264.88 269.65 274.45 279.35 284.32 289.43 294.65 300.02 305.6 311.35 317.32 323.52 329.95 336.6 343.48 350.6 357.93 365.43 373.1 380.93 388.82 396.8 404.77 412.7 420.52 428.18 435.6 442.75 449.55 456
120.07 122.35 124.67 127 129.34 131.66 133.98 136.28 138.57 140.84 143.1 145.35 147.61 149.88 152.19 154.55 156.98 159.5 162.15 164.94 167.88 171.02 174.36 177.91 181.66 185.63 189.78 194.12 198.6 203.22 207.93 212.72 217.56 222.43 227.31 232.19 237.05 241.9 246.72 251.53 256.3 261.1 265.93 270.75 275.65 280.63 285.65 290.82 296.13 301.55 307.15 312.93 318.9 325.1 331.48 338.07 344.88 351.88 359.05 366.4 373.9 381.52 389.2 396.93 404.65 412.32 419.88 427.27 434.45 441.38 448 454.27
