MatLab_Code/h1.grd
DSAA
81 101
0 40000
0 50000
48.2525 512.275
[rows 0 to 31 of 101, columns 0 to 71 of 81]
83.36 82.552 81.343 79.68 77.555 74.903 71.938 69.025 67 67.745 73.225 82.395 93.18 104.5 115.93 127.38 138.81 150.17 161.35 172.47 183.53 194.56 205.41 216.26 227.12 238.03 248.95 259.98 271.2 282.68 294.13 300.88 302.57 304.85 307.75 311.3 315.57 320.63 326.38 332.75 339.52 345.18 348.18 350.5 353.2 356.27 359.73 363.4 367.35 371.52 375.9 380.38 384.98 389.7 394.5 399.4 404.32 409.3 414.3 419.35 424.35 429.38 434.35 439.3 444.18 449.02 453.8 458.52 463.13 467.65 472.05 476.32
82.168 81.425 80.177 78.345 75.87 72.76 69.043 64.89 60.855 59.49 65.86 76.865 88.69 100.58 112.39 124.07 135.61 147.01 158.31 169.49 180.53 191.46 202.33 213.11 223.82 234.5 245.19 255.93 266.73 277.5 287.55 293.9 296.6 299 301.85 305.35 309.57 314.52 320.18 326.4 332.77 338.2 342.1 345.38 348.7 352.25 356.1 360.2 364.5 368.98 373.6 378.35 383.23 388.15 393.18 398.25 403.35 408.52 413.7 418.88 424.07 429.23 434.35 439.4 444.4 449.32 454.15 458.9 463.52 468.05 472.45 476.7
81.418 80.765 79.588 77.763 75.192 71.832 67.668 62.773 57.255 52.623 60.82 73.453 85.755 97.808 109.66 121.35 132.88 144.28 155.53 166.66 177.65 188.5 199.22 209.82 220.31 230.68 240.97 251.15 261.18 270.8 279.27 285.25 288.93 291.82 294.85 298.38 302.57 307.48 313.05 319.05 325.1 330.63 335.32 339.5 343.57 347.75 352.1 356.68 361.38 366.23 371.2 376.25 381.38 386.55 391.77 397.05 402.38 407.73 413.07 418.45 423.8 429.13 434.38 439.57 444.65 449.65 454.55 459.32 464 468.52 472.9 477.13
81.103 80.675 79.718 78.07 75.608 72.27 68.095 63.255 58.23 55.625 61.888 72.983 84.647 96.313 107.9 119.38 130.75 142 153.14 164.15 175 185.71 196.24 206.59 216.75 226.72 236.47 245.96 255.07 263.55 270.85 276.45 280.45 283.73 286.95 290.57 294.8 299.7 305.2 311.1 317.15 322.93 328.27 333.23 338.05 342.93 347.88 352.98 358.13 363.38 368.7 374.07 379.48 384.9 390.38 395.88 401.38 406.93 412.48 418.05 423.57 429.05 434.45 439.75 444.98 450.05 455 459.82 464.5 469.02 473.4 477.63
81.17 81.095 80.507 79.228 77.085 74.015 70.168 65.957 62.347 61.585 66.213 74.895 85.168 95.995 107.02 118.1 129.17 140.19 151.12 161.94 172.61 183.1 193.39 203.44 213.23 222.71 231.85 240.57 248.77 256.23 262.57 267.68 271.68 275.07 278.43 282.07 286.32 291.25 296.77 302.75 308.95 315.07 321.02 326.73 332.32 337.9 343.48 349.1 354.77 360.48 366.18 371.88 377.6 383.3 388.98 394.68 400.4 406.15 411.93 417.68 423.38 429.05 434.6 440.05 445.35 450.5 455.52 460.38 465.07 469.6 473.98 478.18
81.55 81.938 81.882 81.153 79.515 76.88 73.502 70.005 67.472 67.457 71.132 78.015 86.817 96.603 106.89 117.44 128.09 138.79 149.46 160.04 170.49 180.74 190.75 200.46 209.82 218.78 227.27 235.22 242.5 248.99 254.53 259.05 262.77 266.07 269.38 273.02 277.3 282.27 287.93 294.1 300.57 307.18 313.73 320.13 326.48 332.75 338.98 345.2 351.38 357.52 363.65 369.7 375.73 381.7 387.63 393.52 399.45 405.4 411.38 417.38 423.3 429.13 434.82 440.4 445.82 451.05 456.13 461 465.73 470.27 474.6 478.8
82.127 83.078 83.707 83.72 82.755 80.625 77.65 74.655 72.713 72.912 75.922 81.545 89.078 97.83 107.33 117.26 127.45 137.78 148.14 158.46 168.65 178.63 188.34 197.7 206.63 215.05 222.88 230.05 236.47 242.05 246.75 250.63 253.9 256.88 259.98 263.55 267.82 272.9 278.75 285.2 292.1 299.25 306.43 313.55 320.63 327.6 334.48 341.3 348.02 354.65 361.2 367.6 373.95 380.18 386.32 392.45 398.57 404.73 410.93 417.13 423.27 429.3 435.15 440.85 446.35 451.68 456.77 461.73 466.45 470.98 475.3 479.45
82.767 84.343 85.775 86.737 86.653 84.987 82.185 79.385 77.668 77.847 80.338 85.05 91.567 99.395 108.12 117.44 127.14 137.08 147.12 157.16 167.09 176.81 186.23 195.24 203.74 211.63 218.82 225.23 230.8 235.5 239.34 242.46 245.1 247.6 250.38 253.75 258 263.2 269.3 276.18 283.6 291.32 299.2 307.05 314.85 322.52 330.07 337.48 344.75 351.88 358.85 365.63 372.27 378.8 385.15 391.45 397.75 404.1 410.55 417.02 423.38 429.57 435.6 441.4 447.02 452.4 457.55 462.5 467.23 471.75 476.07 480.2
83.313 85.5 87.79 89.92 91.03 89.713 86.672 83.778 82.08 82.155 84.245 88.293 94.02 101.07 109.11 117.86 127.08 136.63 146.36 156.13 165.82 175.31 184.45 193.14 201.24 208.63 215.21 220.89 225.63 229.44 232.38 234.63 236.5 238.35 240.63 243.71 247.88 253.22 259.7 267.07 275.13 283.55 292.13 300.75 309.27 317.65 325.85 333.85 341.65 349.25 356.63 363.82 370.8 377.57 384.15 390.6 397.02 403.57 410.3 417.02 423.63 430 436.15 442.1 447.77 453.23 458.43 463.38 468.1 472.63 476.93 481
83.597 86.295 89.33 92.683 95.665 94.338 90.502 87.42 85.733 85.737 87.555 91.127 96.26 102.69 110.15 118.39 127.19 136.38 145.82 155.36 164.84 174.13 183.05 191.46 199.21 206.16 212.16 217.16 221.09 223.99 225.97 227.25 228.17 229.19 230.79 233.46 237.51 243.06 249.97 257.98 266.75 275.93 285.32 294.7 303.95 313.02 321.88 330.45 338.77 346.85 354.68 362.23 369.52 376.57 383.38 389.95 396.43 403.15 410.23 417.25 424.05 430.63 436.9 442.93 448.68 454.15 459.38 464.35 469.1 473.55 477.82 481.85
83.49 86.5 89.953 93.92 98.073 96.823 92.862 89.97 88.47 88.53 90.215 93.478 98.185 104.14 111.13 118.93 127.37 136.26 145.46 154.81 164.14 173.28 182.06 190.27 197.74 204.3 209.8 214.15 217.3 219.29 220.25 220.43 220.24 220.2 220.93 223.03 226.94 232.74 240.22 249 258.6 268.68 278.88 289.02 299 308.75 318.2 327.35 336.18 344.73 352.95 360.88 368.52 375.88 382.9 389.63 396.07 402.95 410.48 417.75 424.73 431.43 437.82 443.9 449.7 455.23 460.45 465.45 470.15 474.57 478.8 482.77
82.938 86.028 89.47 93.12 96.052 95.81 93.415 91.302 90.245 90.515 92.205 95.31 99.733 105.34 111.96 119.42 127.56 136.21 145.23 154.46 163.71 172.79 181.5 189.6 196.89 203.16 208.24 212 214.4 215.47 215.36 214.34 212.85 211.51 211.1 212.47 216.17 222.32 230.57 240.28 250.88 261.82 272.9 283.85 294.52 304.93 314.95 324.63 333.95 342.93 351.55 359.85 367.82 375.45 382.77 389.77 396.55 403.65 411.18 418.55 425.65 432.43 438.9 445.02 450.88 456.43 461.65 466.6 471.27 475.68 479.82 483.75
81.942 84.93 88.11 91.168 93.35 93.728 92.715 91.588 91.138 91.737 93.55 96.608 100.87 106.24 112.59 119.8 127.7 136.18 145.09 154.26 163.52 172.65 181.4 189.51 196.74 202.82 207.57 210.83 212.53 212.71 211.5 209.16 206.19 203.28 201.41 201.75 205.22 211.91 221.16 232.03 243.7 255.65 267.55 279.25 290.6 301.57 312.15 322.32 332.1 341.48 350.48 359.15 367.45 375.4 383.02 390.35 397.55 404.85 412.32 419.7 426.82 433.65 440.15 446.35 452.2 457.75 462.98 467.88 472.5 476.85 480.95 484.77
80.575 83.37 86.222 88.823 90.698 91.47 91.377 91.112 91.287 92.285 94.295 97.4 101.59 106.82 112.99 120 127.75 136.12 144.98 154.2 163.56 172.85 181.77 190.03 197.33 203.37 207.91 210.77 211.86 211.18 208.86 205.17 200.56 195.77 191.99 190.92 194.1 201.65 212.28 224.51 237.37 250.3 263.02 275.38 287.35 298.85 309.9 320.5 330.68 340.43 349.8 358.77 367.38 375.65 383.6 391.25 398.77 406.27 413.75 421.13 428.27 435.1 441.63 447.8 453.68 459.2 464.4 469.25 473.82 478.1 482.1 485.85
78.93 81.5 84.063 86.36 88.118 89.183 89.71 90.127 90.865 92.257 94.513 97.72 101.91 107.06 113.13 120.02 127.67 135.98 144.87 154.21 163.79 173.37 182.62 191.18 198.72 204.87 209.35 211.94 212.51 211.06 207.7 202.67 196.35 189.44 183.18 180 182.86 191.87 204.36 218.15 232.17 245.99 259.4 272.35 284.82 296.77 308.2 319.2 329.73 339.82 349.5 358.77 367.68 376.23 384.45 392.43 400.18 407.82 415.38 422.75 429.88 436.75 443.25 449.45 455.27 460.77 465.93 470.73 475.25 479.43 483.32 487
77.082 79.448 81.772 83.875 85.6 86.885 87.858 88.79 90 91.763 94.265 97.61 101.85 106.99 113 119.83 127.42 135.72 144.69 154.23 164.16 174.19 183.93 192.98 200.93 207.38 211.98 214.44 214.64 212.53 208.24 201.98 194.07 185 175.74 169.2 171.66 183.33 198.16 213.43 228.44 242.95 256.9 270.27 283.1 295.4 307.15 318.43 329.25 339.63 349.6 359.15 368.32 377.13 385.6 393.8 401.77 409.55 417.15 424.52 431.68 438.52 445.05 451.23 457.02 462.48 467.57 472.3 476.7 480.8 484.63 488.15
75.115 77.293 79.435 81.407 83.13 84.588 85.88 87.207 88.805 90.885 93.623 97.125 101.45 106.61 112.62 119.42 127 135.32 144.4 154.22 164.62 175.26 185.68 195.41 204 210.96 215.87 218.38 218.33 215.71 210.65 203.4 194.24 183.47 171.41 159.91 161.73 177.79 194.69 210.94 226.49 241.36 255.6 269.2 282.25 294.75 306.75 318.25 329.27 339.88 350.07 359.88 369.27 378.3 387 395.4 403.52 411.43 419.07 426.5 433.65 440.48 446.98 453.13 458.9 464.27 469.3 473.95 478.27 482.27 485.93 489.35
73.073 75.09 77.088 78.97 80.698 82.287 83.815 85.442 87.345 89.695 92.645 96.3 100.72 105.95 111.98 118.8 126.39 134.74 143.94 154.09 165.11 176.54 187.84 198.47 207.9 215.61 221.05 223.81 223.67 220.65 215 207.07 197.2 185.72 172.95 161.03 162.52 178.12 194.91 211.04 226.5 241.32 255.53 269.18 282.3 294.88 306.98 318.6 329.82 340.6 350.98 360.95 370.55 379.77 388.65 397.2 405.45 413.45 421.18 428.63 435.75 442.57 449.05 455.15 460.88 466.2 471.15 475.7 479.9 483.75 487.3 490.55
71.002 72.873 74.752 76.567 78.302 79.985 81.69 83.537 85.672 88.245 91.382 95.183 99.718 105.03 111.12 117.99 125.61 134 143.26 153.77 165.58 178.02 190.37 202.07 212.59 221.3 227.54 230.75 230.65 227.34 221.25 212.91 202.88 191.75 180.49 172.05 173.29 184.45 198.83 213.72 228.45 242.8 256.73 270.18 283.2 295.75 307.88 319.55 330.85 341.75 352.25 362.38 372.13 381.52 390.52 399.23 407.57 415.63 423.38 430.85 437.98 444.8 451.23 457.3 462.98 468.23 473.07 477.52 481.57 485.27 488.68 491.77
68.922 70.672 72.455 74.207 75.94 77.685 79.513 81.52 83.832 86.578 89.865 93.797 98.445 103.86 110.05 117.02 124.74 133.18 142.41 153.19 166.06 179.68 193.19 206.12 217.95 227.97 235.33 239.21 239.22 235.63 229.15 220.59 210.77 200.53 191.24 185.45 186.33 193.99 205.5 218.56 232.1 245.67 259.05 272.15 284.93 297.32 309.35 321.05 332.35 343.3 353.93 364.15 374.02 383.52 392.65 401.43 409.85 417.95 425.73 433.18 440.32 447.1 453.5 459.52 465.15 470.32 475.07 479.4 483.3 486.85 490.07 493
66.862 68.5 70.192 71.892 73.612 75.39 77.295 79.412 81.853 84.72 88.13 92.17 96.925 102.44 108.77 115.9 123.81 132.47 141.79 152.9 166.84 181.54 196.19 210.43 223.78 235.44 244.31 249.13 249.27 245.25 238.3 229.59 220.1 210.82 203.06 198.6 199.1 204.63 213.77 224.94 237.11 249.7 262.38 274.98 287.4 299.57 311.45 323.02 334.3 345.27 355.95 366.27 376.23 385.8 394.98 403.8 412.25 420.38 428.18 435.63 442.73 449.5 455.88 461.85 467.4 472.5 477.13 481.32 485.07 488.43 491.45 494.18
64.843 66.377 67.983 69.625 71.317 73.108 75.052 77.235 79.75 82.703 86.198 90.325 95.17 100.81 107.28 114.62 122.83 131.93 142.01 153.9 168.17 183.52 199.16 214.72 229.72 243.38 254.35 260.48 260.57 255.78 248.15 239.27 230.13 221.67 214.96 211.21 211.34 215.45 222.77 232.26 243.06 254.6 266.52 278.55 290.55 302.4 314.07 325.45 336.65 347.63 358.32 368.7 378.7 388.32 397.52 406.38 414.82 422.93 430.7 438.13 445.23 451.95 458.3 464.23 469.73 474.73 479.25 483.27 486.85 490 492.82 495.3
62.87 64.313 65.835 67.41 69.067 70.84 72.795 75.002 77.552 80.547 84.088 88.267 93.185 98.922 105.55 113.13 121.72 131.38 142.33 155 169.53 185.34 201.82 218.58 235.23 251.18 264.98 273.18 272.7 266.43 258 248.97 240.19 232.41 226.43 223.07 222.92 226.02 231.96 240.04 249.61 260.15 271.27 282.7 294.25 305.75 317.15 328.32 339.38 350.3 361.02 371.45 381.48 391.1 400.3 409.07 417.52 425.57 433.3 440.7 447.75 454.45 460.75 466.65 472.07 477 481.4 485.25 488.63 491.55 494.13 496.38
60.968 62.315 63.758 65.265 66.868 68.608 70.537 72.735 75.278 78.27 81.815 86.01 90.963 96.775 103.55 111.36 120.31 130.51 142.16 155.44 170.38 186.65 203.83 221.59 239.65 257.7 275.07 286.63 284.48 276.07 266.98 258.07 249.77 242.62 237.22 234.13 233.74 236.11 241 247.94 256.45 266.07 276.45 287.3 298.38 309.55 320.68 331.63 342.43 353.27 364.07 374.5 384.5 394.07 403.23 411.95 420.3 428.27 435.93 443.25 450.25 456.93 463.23 469.1 474.48 479.32 483.57 487.25 490.38 493.05 495.35 497.35
59.145 60.407 61.765 63.197 64.735 66.418 68.297 70.445 72.948 75.892 79.392 83.558 88.505 94.353 101.22 109.23 118.5 129.15 141.32 155.12 170.49 187.19 204.93 223.39 242.32 261.55 280.82 294.4 291.9 283.1 274.38 266.07 258.5 252.03 247.16 244.3 243.75 245.59 249.68 255.72 263.32 272.15 281.88 292.2 302.88 313.73 324.6 335.32 345.88 356.68 367.5 377.88 387.82 397.3 406.32 414.93 423.15 431.02 438.55 445.77 452.73 459.38 465.63 471.5 476.85 481.63 485.75 489.25 492.13 494.48 496.45 498.15
57.413 58.59 59.867 61.222 62.68 64.29 66.095 68.162 70.58 73.438 76.845 80.927 85.81 91.63 98.54 106.67 116.17 127.17 139.75 153.98 169.74 186.84 204.97 223.81 243.01 262.13 280.07 292.13 292.6 286.85 279.82 272.8 266.2 260.52 256.2 253.57 252.93 254.4 257.88 263.18 270.1 278.25 287.4 297.27 307.63 318.2 328.88 339.5 350 360.68 371.32 381.57 391.38 400.7 409.55 418 426.05 433.75 441.13 448.25 455.1 461.7 467.95 473.82 479.2 483.93 487.93 491.2 493.77 495.8 497.43 498.8
55.79 56.885 58.083 59.352 60.73 62.242 63.95 65.91 68.205 70.93 74.198 78.132 82.882 88.605 95.468 103.64 113.28 124.51 137.43 152.01 168.14 185.57 203.99 222.97 242.01 260.32 276.38 287.13 290.4 288.25 283.68 278.27 272.9 268.1 264.32 261.98 261.3 262.45 265.48 270.23 276.55 284.2 292.9 302.43 312.48 322.9 333.45 344 354.55 365.07 375.48 385.52 395.15 404.25 412.9 421.13 428.93 436.43 443.63 450.57 457.32 463.85 470.13 476.05 481.45 486.18 490.07 493.07 495.3 496.93 498.18 499.2
54.282 55.303 56.42 57.61 58.892 60.305 61.895 63.72 65.86 68.405 71.478 75.205 79.748 85.28 92.005 100.11 109.79 121.17 134.33 149.23 165.7 183.47 202.1 221.14 239.91 257.5 272.48 283.02 288.15 288.7 286.48 282.85 278.75 274.85 271.63 269.55 268.85 269.77 272.43 276.73 282.63 289.88 298.25 307.52 317.4 327.7 338.2 348.75 359.27 369.7 379.9 389.73 399.1 407.98 416.35 424.25 431.77 438.98 445.95 452.7 459.3 465.75 472.02 478.02 483.57 488.35 492.15 494.85 496.65 497.8 498.63 499.3
52.913 53.862 54.907 56.013 57.203 58.502 59.96 61.627 63.583 65.907 68.73 72.183 76.435 81.683 88.157 96.088 105.69 117.12 130.47 145.67 162.5 180.62 199.54 218.68 237.31 254.5 269.1 279.93 286.45 289.05 288.82 286.82 283.98 280.93 278.23 276.35 275.63 276.35 278.7 282.68 288.25 295.2 303.38 312.5 322.3 332.55 343.02 353.6 364.13 374.48 384.5 394.1 403.2 411.77 419.8 427.38 434.55 441.4 448.02 454.52 460.95 467.3 473.57 479.7 485.43 490.4 494.15 496.5 497.73 498.32 498.68 499
51.693 52.58 53.563 54.587 55.682 56.87 58.185 59.678 61.42 63.49 66.013 69.12 72.995 77.853 83.953 91.573 100.98 112.38 125.88 141.39 158.64 177.2 196.5 215.91 234.63 251.8 266.48 277.88 285.55 289.75 291.15 290.57 288.77 286.48 284.2 282.45 281.7 282.23 284.27 287.98 293.3 300.1 308.2 317.27 327.07 337.38 347.9 358.52 369.05 379.32 389.23 398.63 407.43 415.65 423.3 430.43 437.15 443.6 449.85 456 462.18 468.38 474.63 480.88 486.9 492.25 496.07 497.9 498.38 498.35 498.25 498.2
50.635 51.475 52.4 53.358 54.362 55.44 56.608 57.92 59.43 61.215 63.39 66.093 69.502 73.858 79.448 86.608 95.683 106.96 120.58 136.44 154.21 173.36 193.23 213.1 232.19 249.68 264.77 276.85 285.57 291.07 293.8 294.35 293.43 291.7 289.7 288 287.1 287.35 289.13 292.57 297.75 304.52 312.63 321.77 331.7 342.13 352.77 363.48 374.02 384.27 394.07 403.25 411.77 419.57 426.75 433.38 439.57 445.5 451.3 457.05 462.88 468.82 474.98 481.3 487.68 493.7 497.82 498.82 498.35 497.68 497.15 496.85
49.765 50.563 51.445 52.35 53.278 54.248 55.28 56.405 57.672 59.157 60.955 63.195 66.06 69.795 74.728 81.255 89.83 100.86 114.58 130.88 149.32 169.26 189.91 210.48 230.19 248.28 264.02 276.9 286.63 293.2 296.95 298.4 298.13 296.77 294.9 293.1 291.9 291.77 293.2 296.45 301.55 308.4 316.68 326.02 336.15 346.75 357.57 368.43 379.05 389.32 399.02 408 416.18 423.52 430.15 436.15 441.75 447.07 452.3 457.55 462.95 468.55 474.45 480.7 487.27 494.18 498.95 498.68 497.2 496.05 495.27 494.88
