MatLab_Code/h1.grd
DSAA
81 101
0 40000
0 50000
48.2525 512.275
[rows 32 to 63 of 101, columns 0 to 71 of 81]
49.07 49.845 50.72 51.585 52.458 53.335 54.24 55.19 56.225 57.398 58.803 60.545 62.797 65.805 69.918 75.608 83.47 94.108 107.91 124.77 144.12 165.08 186.74 208.25 228.82 247.72 264.3 278.07 288.73 296.23 300.77 302.85 303 301.82 299.9 297.82 296.18 295.55 296.52 299.52 304.68 311.73 320.3 329.98 340.4 351.25 362.32 373.32 384.07 394.4 404.02 412.82 420.63 427.45 433.43 438.75 443.63 448.25 452.8 457.45 462.32 467.48 472.95 478.85 485.18 491.73 496.18 496 494.5 493.32 492.55 492.15
48.563 49.362 50.237 51.095 51.93 52.742 53.54 54.335 55.15 56.032 57.042 58.278 59.88 62.075 65.213 69.828 76.69 86.713 100.58 118.22 138.75 161.03 183.93 206.58 228.2 248.1 265.68 280.43 291.98 300.25 305.4 307.88 308.2 306.98 304.82 302.3 300.02 298.68 299.05 301.77 307.07 314.52 323.57 333.68 344.45 355.6 366.93 378.15 389.1 399.5 409.13 417.7 425.13 431.35 436.57 441.07 445.1 448.93 452.75 456.73 460.95 465.5 470.43 475.75 481.3 486.63 490.23 490.93 490.25 489.48 488.95 488.73
48.285 49.138 50.04 50.903 51.73 52.505 53.225 53.898 54.53 55.153 55.805 56.555 57.508 58.85 60.89 64.175 69.653 78.707 92.62 111.35 133.49 157.37 181.71 205.64 228.43 249.47 268.15 283.93 296.4 305.32 310.88 313.5 313.8 312.38 309.82 306.68 303.57 301.27 300.75 303.18 308.8 316.9 326.55 337.15 348.32 359.82 371.4 382.88 394 404.57 414.25 422.7 429.7 435.2 439.5 443.02 446.1 449.05 452.05 455.25 458.77 462.65 466.9 471.48 476.15 480.4 483.4 484.68 484.85 484.65 484.55 484.63
48.252 49.163 50.123 51.03 51.883 52.657 53.34 53.935 54.435 54.85 55.208 55.538 55.905 56.43 57.337 59.085 62.68 70.155 84.06 104.47 128.72 154.47 180.34 205.57 229.58 251.82 271.7 288.65 302.02 311.52 317.27 319.82 319.88 318.07 314.98 311.15 307.1 303.5 301.68 303.63 309.98 319 329.38 340.48 352.02 363.85 375.73 387.43 398.77 409.55 419.35 427.75 434.3 438.95 442.15 444.55 446.57 448.52 450.65 453.02 455.77 458.95 462.48 466.27 470.15 473.65 476.3 477.88 478.65 479.05 479.43 479.93
48.465 49.465 50.508 51.498 52.415 53.23 53.925 54.492 54.917 55.205 55.358 55.383 55.3 55.157 55.063 55.26 56.5 61.27 75.037 98.248 125.16 152.79 180.07 206.5 231.66 255.1 276.3 294.52 308.93 318.85 324.52 326.73 326.32 324.05 320.4 315.88 310.88 305.9 302.05 303.18 311.05 321.23 332.23 343.73 355.63 367.73 379.82 391.73 403.3 414.27 424.35 432.85 438.95 442.48 444.35 445.45 446.32 447.27 448.45 450 451.98 454.4 457.23 460.32 463.5 466.48 468.9 470.68 471.9 472.85 473.73 474.68
48.922 50.038 51.215 52.328 53.35 54.248 55.005 55.605 56.032 56.282 56.347 56.218 55.89 55.35 54.615 53.695 52.703 53.288 66.235 94.293 123.79 152.85 181.16 208.49 234.59 259.18 281.73 301.48 317.07 327.32 332.5 334.07 333.1 330.27 326.1 320.98 315.3 309.38 303.98 304.2 313.3 324.02 335.27 347 359.1 371.35 383.63 395.7 407.43 418.6 428.98 437.88 443.6 445.55 445.8 445.55 445.27 445.2 445.45 446.15 447.35 449.05 451.18 453.68 456.32 458.9 461.2 463.15 464.75 466.15 467.52 468.98
49.625 50.907 52.263 53.538 54.703 55.727 56.6 57.297 57.805 58.12 58.227 58.123 57.792 57.225 56.413 55.337 53.987 54.133 67.218 95.623 125.62 155.03 183.69 211.48 238.22 263.7 287.55 309.07 326.4 336.7 340.88 341.52 339.95 336.63 332.02 326.48 320.48 314.5 309.7 310.1 317.65 327.63 338.57 350.25 362.38 374.75 387.13 399.27 411 422.2 432.73 442.35 448.07 447.55 446.15 444.63 443.25 442.18 441.52 441.43 441.88 442.88 444.43 446.38 448.6 450.9 453.18 455.27 457.23 459.07 460.95 462.88
50.602 52.097 53.663 55.133 56.48 57.682 58.718 59.575 60.245 60.722 61.01 61.108 61.032 60.81 60.517 60.34 60.855 64.545 78.255 102.78 130.76 159.3 187.59 215.34 242.3 268.3 293.15 316.52 336.7 346.45 348.8 348.63 346.6 342.95 338 332.2 326.13 320.57 317 317.6 323.07 331.63 341.93 353.3 365.35 377.77 390.23 402.35 413.95 424.85 434.9 443.82 448.57 447.4 445.02 442.52 440.2 438.2 436.7 435.8 435.55 435.93 436.95 438.45 440.35 442.52 444.77 447.07 449.35 451.65 454 456.45
51.877 53.617 55.428 57.125 58.69 60.105 61.355 62.432 63.335 64.07 64.655 65.118 65.513 65.935 66.59 67.905 70.868 77.74 91.71 112.95 138.3 165.25 192.6 219.81 246.54 272.6 297.73 321.77 342.8 352.85 355.05 354.88 352.85 349.05 343.88 337.85 331.73 326.48 323.38 323.73 327.98 335.35 344.93 355.95 367.93 380.38 392.88 404.95 416.3 426.6 435.55 442.52 445.82 445.02 442.38 439.18 436.02 433.2 430.9 429.27 428.35 428.18 428.73 429.93 431.6 433.68 436.02 438.55 441.18 443.93 446.77 449.75
53.483 55.492 57.572 59.52 61.33 62.99 64.495 65.843 67.043 68.112 69.093 70.04 71.052 72.302 74.09 76.975 81.957 90.645 104.63 123.96 147.07 172.25 198.33 224.64 250.75 276.3 300.95 324.05 343.5 354.75 359.15 360.1 358.55 354.82 349.45 343.13 336.75 331.45 328.32 328.27 331.68 338.2 347.18 357.93 369.9 382.45 395.07 407.13 418.15 427.7 435.35 440.55 442.57 441.5 438.5 434.7 430.77 427.15 424.1 421.77 420.27 419.63 419.8 420.73 422.3 424.4 426.9 429.7 432.73 435.95 439.3 442.8
55.453 57.745 60.102 62.313 64.388 66.32 68.112 69.77 71.313 72.778 74.22 75.728 77.438 79.57 82.485 86.75 93.215 102.95 116.84 134.88 156.23 179.72 204.39 229.56 254.72 279.43 303.1 324.88 342.95 355.27 362.02 364.6 363.85 360.27 354.57 347.73 340.85 335.13 331.6 331.05 333.8 339.73 348.32 359 371.1 383.93 396.77 408.93 419.68 428.5 434.93 438.6 439.32 437.43 433.75 429.2 424.48 420.07 416.27 413.32 411.3 410.23 410.13 410.9 412.45 414.65 417.38 420.52 424 427.73 431.6 435.65
57.843 60.395 63.02 65.498 67.847 70.07 72.172 74.168 76.088 77.98 79.92 82.017 84.438 87.425 91.35 96.728 104.22 114.56 128.28 145.34 165.25 187.21 210.45 234.36 258.4 282.05 304.65 325.38 342.93 356.1 364.57 368.77 368.9 365.43 359.15 351.43 343.68 337.18 333 331.85 334.07 339.6 348.05 358.85 371.32 384.65 397.98 410.4 421.07 429.27 434.52 436.73 436.02 432.95 428.27 422.8 417.18 411.95 407.45 403.88 401.4 400 399.7 400.43 402.02 404.45 407.5 411.05 415 419.27 423.73 428.4
60.675 63.447 66.313 69.052 71.683 74.205 76.63 78.98 81.297 83.632 86.078 88.755 91.85 95.61 100.38 106.6 114.8 125.45 138.91 155.16 173.84 194.41 216.27 238.87 261.7 284.2 305.8 325.75 343.15 357.13 367.2 372.95 374 370.35 363.05 354 344.93 337.32 332.27 330.48 332.25 337.57 346.13 357.3 370.4 384.52 398.68 411.7 422.52 430.2 434.32 434.98 432.65 428.07 422.1 415.5 408.9 402.8 397.57 393.45 390.55 388.9 388.5 389.27 391.07 393.77 397.23 401.27 405.8 410.65 415.75 421
63.922 66.875 69.96 72.948 75.858 78.683 81.44 84.155 86.868 89.64 92.575 95.8 99.502 103.92 109.36 116.2 124.83 135.61 148.75 164.24 181.84 201.15 221.68 242.97 264.55 285.93 306.57 325.93 343.3 358.13 369.75 377.27 379.27 375.07 366.1 355.05 344.25 335.27 329.2 326.68 328.07 333.4 342.27 354.1 368.15 383.43 398.77 412.85 424.15 431.5 434.43 433.3 429.05 422.68 415.15 407.23 399.55 392.57 386.65 381.98 378.73 376.9 376.5 377.43 379.52 382.65 386.6 391.23 396.38 401.88 407.65 413.57
67.517 70.632 73.915 77.147 80.332 83.463 86.552 89.627 92.728 95.922 99.313 103.03 107.25 112.2 118.16 125.42 134.29 145.03 157.8 172.57 189.17 207.29 226.55 246.56 266.9 287.13 306.82 325.6 342.95 358.5 371.77 381.52 384.98 379.57 367.82 354.15 341.27 330.73 323.5 320.27 321.4 326.85 336.27 349.05 364.32 381.13 398.15 413.77 426.1 433.3 434.82 431.55 424.98 416.55 407.27 397.95 389.1 381.23 374.6 369.45 365.9 364.02 363.73 364.93 367.45 371.1 375.68 380.98 386.8 393.05 399.52 406.15
71.375 74.647 78.127 81.603 85.063 88.493 91.912 95.338 98.815 102.4 106.2 110.35 115 120.36 126.69 134.2 143.16 153.75 166.08 180.14 195.79 212.78 230.81 249.56 268.65 287.73 306.43 324.48 341.6 357.6 372.3 384.95 391.1 383.27 367.3 350.6 335.57 323.43 315.02 311.1 312.02 317.77 328 341.93 358.7 377.32 396.48 414.38 428.43 435.77 435.45 429.38 420.1 409.4 398.3 387.5 377.48 368.68 361.38 355.8 352.07 350.23 350.18 351.77 354.85 359.15 364.45 370.52 377.15 384.18 391.43 398.8
75.407 78.853 82.543 86.263 89.995 93.73 97.472 101.23 105.06 109 113.17 117.67 122.67 128.33 134.87 142.51 151.42 161.76 173.62 186.96 201.68 217.59 234.42 251.93 269.75 287.6 305.23 322.35 338.82 354.63 369.8 384.55 393.82 382.95 362.73 343.63 326.82 313.2 303.63 299 299.8 306.05 317.27 332.6 351.05 371.63 393.23 414.13 431.13 438.98 435.9 426.18 413.88 400.82 387.93 375.7 364.55 354.88 346.95 341.02 337.2 335.48 335.8 337.95 341.73 346.82 353 359.95 367.45 375.32 383.4 391.55
79.552 83.195 87.1 91.073 95.085 99.125 103.18 107.27 111.42 115.68 120.15 124.94 130.18 136.03 142.69 150.33 159.09 169.1 180.43 193.04 206.85 221.71 237.37 253.6 270.15 286.75 303.13 319.07 334.45 349.15 363.18 376.2 383.48 372.6 352.63 332.88 315 300.07 289.32 283.93 284.7 291.68 304.18 321.05 341.18 363.63 387.52 411.82 433.68 442.88 435.02 420.8 405.52 390.43 375.93 362.45 350.3 339.82 331.32 325.1 321.25 319.8 320.65 323.55 328.18 334.25 341.4 349.35 357.82 366.63 375.55 384.5
83.752 87.612 91.752 95.987 100.28 104.63 108.99 113.39 117.84 122.38 127.1 132.1 137.5 143.45 150.12 157.65 166.18 175.79 186.55 198.42 211.33 225.15 239.66 254.68 269.93 285.18 300.18 314.7 328.52 341.4 352.9 361.7 363.85 354.75 337.9 318.88 300.5 284.4 272.27 265.95 266.7 274.7 288.77 307.38 329.1 353 378.43 404.98 431.4 442 429.27 411.55 394.35 377.85 362.23 347.73 334.68 323.48 314.5 308.02 304.27 303.25 304.77 308.6 314.3 321.45 329.75 338.8 348.32 358.1 367.95 377.75
87.965 92.055 96.45 100.95 105.55 110.19 114.86 119.56 124.28 129.06 133.98 139.12 144.59 150.55 157.14 164.48 172.7 181.86 192 203.12 215.14 227.93 241.32 255.1 269.05 282.93 296.45 309.35 321.38 332.05 340.65 345.75 344.85 336.1 321.07 302.93 284.23 266.85 252.95 245.19 245.93 255.43 271.6 292.02 315.1 339.77 365.38 391.35 415.95 425.68 414.3 397.3 380 363.02 346.77 331.55 317.77 305.93 296.45 289.82 286.25 285.8 288.23 293.18 300.13 308.63 318.18 328.45 339.1 349.9 360.7 371.35
92.145 96.48 101.14 105.93 110.82 115.77 120.75 125.73 130.71 135.69 140.75 145.96 151.44 157.32 163.74 170.82 178.66 187.31 196.82 207.18 218.31 230.11 242.39 254.97 267.63 280.13 292.13 303.35 313.45 321.88 327.82 330.1 327.18 318.23 304.05 286.45 267.35 248.49 232.13 221.99 222.63 234.5 253.43 275.82 299.88 324.55 349.1 372.3 391.07 398.57 392.27 378.75 362.82 346.25 329.82 314.15 299.75 287.25 277.32 270.5 267.23 267.5 271.07 277.43 285.88 295.85 306.82 318.4 330.25 342.15 353.9 365.4
96.248 100.84 105.78 110.86 116.06 121.33 126.62 131.88 137.09 142.25 147.4 152.62 158.02 163.75 169.92 176.66 184.06 192.18 201.03 210.62 220.88 231.7 242.92 254.35 265.77 276.88 287.4 297 305.23 311.55 315.25 315.43 311.07 301.75 287.95 270.68 251.25 230.89 211.35 197.02 197.34 213.37 235.73 259.85 284.3 308.35 331.13 351.23 366.07 372.15 368.48 357.95 343.82 328.07 311.82 295.85 280.88 267.7 257.18 250.15 247.21 248.45 253.47 261.5 271.73 283.38 295.9 308.88 321.95 334.95 347.68 360.02
100.24 105.09 110.31 115.7 121.23 126.82 132.43 137.98 143.41 148.71 153.91 159.07 164.32 169.8 175.66 182.01 188.94 196.47 204.65 213.47 222.88 232.77 242.97 253.3 263.52 273.32 282.45 290.5 297.02 301.57 303.45 302.02 296.65 287.05 273.5 256.65 237.22 216 193.66 172.71 171.83 195.09 220.47 245.4 269.48 292.27 312.98 330.32 342.5 347.57 345.13 336.63 324.13 309.27 293.32 277.15 261.57 247.54 236.24 228.84 226.29 228.75 235.59 245.67 257.9 271.45 285.63 300.02 314.38 328.45 342.13 355.3
104.08 109.2 114.71 120.41 126.27 132.2 138.15 143.99 149.65 155.07 160.26 165.29 170.31 175.47 180.95 186.86 193.28 200.2 207.69 215.75 224.34 233.34 242.59 251.88 261 269.63 277.45 284.1 289.18 292.2 292.65 290.07 284 274.3 261.15 244.93 226.21 205.55 183.48 162.12 160.95 184.63 209.53 233.53 256.27 277.25 295.77 310.75 320.9 325.13 323.2 315.93 304.63 290.63 275 258.6 242.31 227.23 214.77 206.7 204.53 208.59 217.74 230.3 244.84 260.38 276.27 292.13 307.7 322.82 337.38 351.32
107.74 113.11 118.91 124.92 131.12 137.42 143.72 149.9 155.8 161.32 166.45 171.27 175.97 180.73 185.75 191.18 197.07 203.35 210.15 217.48 225.28 233.45 241.81 250.18 258.3 265.88 272.57 278 281.8 283.6 282.98 279.57 273.13 263.55 250.97 235.8 218.52 199.9 181.34 167.09 167.15 182.62 203.34 224.69 245.16 263.93 280.18 293.02 301.5 304.93 303.13 296.57 286.15 272.82 257.45 240.85 223.79 207.37 193.23 183.88 182.02 188.24 200.41 215.91 232.95 250.53 268.1 285.35 302.05 318.18 333.55 348.18
111.17 116.79 122.86 129.19 135.73 142.41 149.11 155.65 161.82 167.45 172.47 177 181.26 185.53 190.02 194.9 200.22 205.88 212.01 218.65 225.73 233.13 240.69 248.22 255.47 262.15 267.88 272.3 275.07 275.88 274.43 270.5 263.93 254.7 242.98 229.14 213.79 197.93 183.43 173.94 174.23 184.67 200.74 218.62 236.28 252.55 266.55 277.4 284.43 287.05 285.15 279.02 269.23 256.45 241.37 224.62 206.83 188.9 172.41 160.71 158.9 168.31 184.44 203.24 222.81 242.34 261.45 279.93 297.68 314.63 330.75 345.98
114.33 120.18 126.51 133.13 140.03 147.1 154.24 161.21 167.72 173.47 178.31 182.43 186.14 189.81 193.71 197.98 202.68 207.76 213.29 219.29 225.69 232.39 239.24 246.04 252.57 258.48 263.45 267.07 269 269 266.98 262.75 256.27 247.59 236.89 224.58 211.33 198.24 187.08 180.41 180.69 188.08 200.31 214.74 229.46 243.19 254.97 264 269.65 271.5 269.4 263.52 254.22 241.98 227.28 210.59 192.36 173.11 153.83 137.88 135.35 150.18 171.21 193.24 215.03 236.2 256.57 276.1 294.68 312.32 329.05 344.77
117.19 123.25 129.81 136.7 143.92 151.39 158.99 166.48 173.45 179.37 183.96 187.49 190.52 193.52 196.77 200.41 204.5 209.03 214 219.4 225.19 231.26 237.47 243.65 249.57 254.93 259.32 262.32 263.57 263 260.55 256.23 250 241.99 232.41 221.68 210.47 199.81 191.15 186.24 186.42 191.78 201.05 212.44 224.41 235.71 245.39 252.72 257.15 258.27 255.95 250.25 241.41 229.74 215.61 199.37 181.29 161.61 140.53 120.01 115.76 137.47 162.65 186.92 210.19 232.46 253.72 273.98 293.18 311.35 328.5 344.65
119.73 125.94 132.69 139.82 147.32 155.16 163.23 171.33 178.94 185.17 189.36 192.07 194.27 196.54 199.15 202.19 205.72 209.7 214.14 219 224.22 229.72 235.37 241.03 246.47 251.45 255.53 258.1 258.77 257.68 254.97 250.7 244.91 237.67 229.24 220.03 210.66 202.02 195.22 191.45 191.5 195.43 202.44 211.3 220.81 229.9 237.69 243.5 246.81 247.29 244.76 239.24 230.88 219.91 206.62 191.29 174.19 155.57 135.81 116.87 113.23 135.21 160.35 184.92 208.59 231.3 253 273.65 293.25 311.77 329.23 345.6
121.91 128.24 135.12 142.42 150.13 158.25 166.74 175.47 184.01 190.86 194.35 195.89 197.18 198.75 200.77 203.29 206.3 209.79 213.74 218.09 222.81 227.79 232.95 238.14 243.2 247.93 251.95 254.35 254.45 252.93 250.1 246.04 240.76 234.37 227.09 219.29 211.53 204.54 199.15 196.15 196.08 198.94 204.2 211.01 218.43 225.58 231.69 236.15 238.5 238.42 235.74 230.46 222.66 212.54 200.34 186.39 171.04 154.85 139.03 127.09 127.31 142.41 164.03 187.15 210.22 232.72 254.4 275.15 294.9 313.57 331.18 347.65
123.7 130.1 137.06 144.44 152.26 160.53 169.27 178.45 187.99 196.01 198.27 198.48 199 200.03 201.58 203.66 206.24 209.29 212.79 216.7 220.95 225.47 230.18 234.95 239.66 244.18 248.25 250.68 250.25 248.47 245.75 242.05 237.4 231.87 225.7 219.21 212.85 207.2 202.89 200.47 200.27 202.31 206.21 211.37 217.05 222.55 227.22 230.52 232.06 231.53 228.79 223.81 216.66 207.53 196.66 184.43 171.32 158.19 146.64 139.75 141.75 153.64 171.88 192.88 214.72 236.53 257.85 278.4 298.05 316.73 334.32 350.82
125.12 131.53 138.5 145.87 153.68 161.93 170.62 179.76 189.32 197.61 199.37 199.26 199.53 200.29 201.55 203.31 205.53 208.22 211.33 214.83 218.66 222.76 227.06 231.44 235.79 239.97 243.75 246.02 245.68 244.11 241.75 238.57 234.63 230 224.91 219.59 214.45 209.92 206.47 204.48 204.19 205.6 208.44 212.26 216.52 220.65 224.1 226.45 227.32 226.46 223.75 219.15 212.74 204.69 195.29 184.96 174.27 164.21 156.31 152.81 156.01 166.37 182.18 201.14 221.55 242.41 263.1 283.27 302.7 321.2 338.68 355.07
