MatLab_Code/h2.grd
DSAA
81 101
0 40000
0 50000
1945 3975
[rows 0 to 38 of 101, columns 0 to 80 of 81]
2271 2300 2343 2398 2458 2519 2584 2645 2697 2740 2779 2814 2840 2849 2839 2815 2801 2818 2869 2926 2986 3089 3113 3154 3194 3226 3254 3274 3274 3249 3216 3201 3219 3266 3326 3381 3424 3452 3469 3480 3485 3483 3478 3475 3477 3478 3471 3457 3448 3453 3478 3520 3570 3615 3644 3657 3660 3658 3654 3648 3644 3651 3664 3672 3674 3676 3687 3721 3772 3825 3858 3863 3847 3817 3784 3764 3763 3764 3744 3697 3648
2254 2284 2330 2387 2448 2510 2572 2629 2677 2718 2758 2795 2823 2835 2828 2812 2807 2834 2890 2951 3017 3089 3121 3157 3195 3228 3254 3271 3270 3249 3223 3214 3233 3274 3325 3372 3409 3434 3449 3458 3462 3462 3459 3460 3467 3472 3471 3463 3458 3462 3483 3521 3568 3612 3643 3660 3667 3668 3667 3663 3662 3667 3679 3686 3688 3689 3699 3728 3774 3820 3851 3858 3847 3822 3793 3774 3772 3777 3770 3739 3699
2238 2267 2313 2374 2437 2499 2559 2611 2655 2694 2735 2775 2805 2819 2815 2804 2808 2843 2906 2973 3035 3092 3126 3156 3192 3225 3250 3264 3263 3247 3227 3222 3242 3280 3324 3363 3393 3414 3427 3435 3439 3440 3440 3445 3456 3466 3471 3468 3465 3469 3488 3521 3564 3608 3641 3661 3671 3676 3678 3677 3676 3681 3691 3698 3701 3702 3710 3735 3775 3815 3843 3852 3847 3828 3804 3785 3783 3792 3797 3784 3758
2221 2248 2294 2358 2424 2486 2544 2592 2632 2670 2711 2752 2783 2798 2796 2789 2799 2844 2913 2983 3039 3087 3122 3150 3183 3216 3241 3253 3253 3241 3226 3225 3246 3281 3320 3353 3378 3395 3406 3413 3418 3420 3423 3431 3444 3459 3467 3469 3469 3473 3489 3519 3560 3603 3638 3661 3673 3679 3684 3684 3685 3690 3699 3708 3710 3711 3718 3740 3775 3810 3834 3846 3846 3834 3815 3798 3796 3810 3824 3823 3808
2202 2227 2272 2337 2407 2472 2528 2573 2609 2645 2687 2729 2758 2772 2770 2767 2783 2834 2909 2980 3029 3068 3104 3134 3167 3199 3223 3234 3235 3227 3218 3221 3244 3278 3313 3340 3359 3373 3383 3391 3398 3402 3407 3416 3431 3447 3459 3465 3468 3473 3488 3516 3554 3596 3632 3656 3669 3677 3683 3685 3686 3690 3699 3709 3714 3716 3723 3742 3771 3800 3821 3835 3842 3838 3824 3811 3811 3828 3848 3855 3847
2180 2203 2246 2313 2387 2455 2511 2553 2586 2621 2663 2703 2731 2741 2739 2739 2759 2814 2893 2965 3008 3035 3067 3104 3142 3174 3197 3209 3211 3207 3203 3211 3235 3268 3299 3321 3336 3347 3356 3366 3376 3383 3390 3399 3414 3431 3446 3456 3462 3468 3482 3508 3544 3584 3620 3645 3659 3668 3674 3677 3678 3683 3693 3703 3711 3715 3722 3738 3762 3785 3803 3819 3832 3836 3829 3821 3824 3842 3866 3876 3873
2154 2175 2218 2287 2364 2435 2492 2533 2564 2599 2639 2677 2703 2710 2707 2708 2731 2786 2865 2937 2976 2993 3016 3057 3104 3143 3167 3178 3182 3182 3183 3194 3219 3251 3278 3295 3306 3316 3325 3337 3350 3361 3369 3378 3393 3410 3426 3439 3449 3457 3471 3494 3528 3567 3601 3627 3642 3651 3657 3660 3661 3666 3677 3689 3699 3706 3715 3727 3745 3761 3776 3795 3814 3826 3827 3825 3833 3853 3876 3887 3884
2124 2146 2189 2260 2341 2415 2473 2512 2544 2578 2617 2653 2675 2681 2678 2679 2702 2755 2830 2899 2937 2948 2960 2997 3054 3104 3134 3145 3150 3153 3158 3171 3195 3224 3247 3261 3270 3278 3288 3304 3321 3334 3343 3352 3365 3382 3399 3416 3430 3440 3452 3474 3506 3542 3576 3601 3616 3625 3630 3634 3636 3641 3652 3666 3679 3690 3699 3708 3718 3728 3741 3763 3789 3809 3817 3822 3833 3854 3878 3887 3884
2094 2117 2163 2235 2319 2394 2452 2492 2524 2558 2595 2630 2650 2655 2652 2653 2674 2722 2790 2854 2893 2903 2909 2937 2994 3057 3095 3110 3116 3121 3129 3143 3166 3191 3209 3220 3227 3234 3246 3264 3284 3300 3310 3319 3332 3348 3367 3388 3404 3416 3428 3449 3478 3513 3545 3569 3582 3590 3596 3600 3604 3611 3622 3637 3652 3665 3674 3681 3685 3688 3699 3724 3757 3784 3800 3810 3825 3847 3869 3878 3874
2066 2093 2141 2214 2297 2371 2429 2470 2503 2537 2574 2606 2626 2632 2631 2633 2650 2691 2750 2808 2845 2859 2864 2886 2937 3001 3048 3070 3079 3088 3099 3114 3134 3154 3168 3175 3179 3186 3199 3219 3241 3258 3269 3279 3292 3309 3330 3355 3373 3387 3400 3419 3446 3479 3509 3530 3541 3549 3556 3562 3568 3576 3588 3603 3620 3634 3643 3646 3644 3643 3654 3683 3722 3755 3776 3792 3810 3832 3853 3862 3860
2046 2076 2126 2198 2276 2346 2402 2444 2479 2514 2550 2582 2603 2612 2614 2616 2631 2664 2713 2763 2798 2815 2825 2847 2892 2948 2992 3016 3032 3048 3066 3084 3102 3117 3127 3128 3130 3135 3148 3169 3192 3209 3221 3232 3247 3266 3291 3319 3341 3357 3371 3389 3414 3444 3470 3487 3498 3505 3512 3521 3530 3542 3554 3568 3585 3600 3609 3609 3602 3597 3608 3641 3686 3725 3751 3771 3791 3814 3835 3845 3843
2035 2067 2117 2185 2256 2320 2372 2415 2452 2488 2523 2555 2578 2591 2596 2602 2615 2641 2681 2723 2755 2775 2791 2817 2859 2905 2938 2955 2971 2994 3023 3050 3071 3085 3088 3084 3080 3084 3096 3116 3137 3153 3165 3179 3197 3220 3251 3283 3309 3327 3342 3361 3384 3411 3433 3447 3455 3461 3470 3482 3496 3509 3521 3535 3551 3566 3576 3573 3562 3554 3565 3603 3653 3698 3729 3752 3774 3797 3818 3830 3830
2034 2065 2113 2174 2237 2292 2340 2383 2421 2457 2492 2525 2551 2568 2579 2588 2600 2621 2653 2689 2718 2740 2760 2790 2832 2871 2893 2901 2909 2931 2967 3005 3035 3053 3053 3043 3033 3033 3042 3060 3078 3092 3105 3122 3144 3173 3209 3246 3277 3298 3316 3336 3360 3383 3401 3411 3416 3422 3433 3448 3467 3482 3495 3507 3522 3538 3547 3542 3529 3519 3532 3573 3628 3677 3712 3738 3762 3784 3804 3819 3823
2040 2069 2113 2167 2219 2265 2308 2349 2387 2423 2457 2491 2521 2543 2560 2573 2584 2603 2630 2659 2687 2710 2733 2764 2803 2837 2853 2855 2857 2873 2905 2947 2988 3012 3014 3000 2984 2978 2986 3002 3018 3030 3042 3062 3090 3126 3169 3211 3246 3271 3294 3317 3341 3364 3378 3384 3386 3391 3403 3421 3444 3464 3477 3487 3501 3517 3527 3520 3504 3494 3508 3554 3613 3666 3704 3733 3757 3778 3798 3814 3822
2052 2077 2115 2162 2205 2243 2280 2317 2352 2385 2419 2455 2488 2516 2537 2554 2568 2584 2608 2633 2660 2684 2708 2736 2769 2797 2809 2810 2812 2824 2851 2889 2928 2956 2961 2945 2923 2912 2918 2936 2955 2968 2980 3002 3036 3081 3130 3178 3217 3246 3273 3303 3330 3353 3364 3366 3366 3369 3381 3402 3429 3453 3468 3479 3492 3507 3516 3509 3491 3481 3497 3546 3609 3665 3705 3735 3759 3779 3798 3816 3826
2066 2086 2119 2158 2194 2224 2255 2286 2315 2345 2379 2417 2455 2487 2513 2533 2549 2567 2587 2611 2637 2663 2686 2708 2730 2749 2758 2759 2763 2777 2804 2838 2873 2898 2901 2882 2855 2838 2841 2860 2884 2904 2921 2946 2986 3038 3095 3147 3189 3223 3257 3291 3324 3348 3358 3358 3355 3357 3369 3391 3421 3450 3469 3481 3494 3509 3517 3508 3490 3480 3500 3551 3616 3673 3714 3745 3768 3787 3806 3824 3835
2079 2096 2124 2157 2187 2211 2234 2257 2281 2307 2340 2380 2421 2458 2488 2511 2530 2547 2566 2589 2618 2645 2665 2679 2690 2697 2701 2704 2711 2727 2757 2794 2828 2851 2851 2830 2799 2776 2771 2785 2810 2839 2867 2898 2942 3000 3063 3118 3162 3200 3238 3280 3318 3344 3355 3355 3351 3352 3362 3384 3417 3451 3477 3493 3507 3522 3528 3519 3501 3492 3515 3567 3633 3689 3729 3758 3782 3799 3816 3834 3846
2092 2106 2129 2157 2182 2201 2216 2232 2248 2271 2304 2346 2391 2430 2463 2489 2509 2526 2545 2570 2600 2629 2647 2652 2650 2647 2647 2650 2659 2678 2710 2752 2791 2816 2819 2799 2765 2738 2726 2731 2750 2781 2820 2860 2909 2971 3036 3093 3137 3177 3219 3266 3308 3338 3351 3353 3350 3349 3358 3379 3415 3455 3488 3510 3528 3544 3551 3541 3522 3516 3540 3593 3657 3710 3746 3774 3796 3813 3829 3844 3856
2104 2115 2135 2159 2179 2192 2201 2208 2219 2238 2272 2317 2364 2407 2441 2466 2486 2504 2524 2551 2585 2615 2632 2630 2617 2605 2602 2606 2616 2635 2669 2713 2758 2791 2799 2782 2751 2721 2705 2704 2716 2742 2786 2836 2888 2951 3016 3072 3115 3153 3197 3246 3291 3324 3340 3346 3346 3346 3352 3372 3410 3457 3498 3529 3552 3573 3582 3572 3554 3549 3574 3627 3686 3733 3765 3789 3809 3825 3839 3852 3862
2115 2123 2139 2160 2176 2184 2186 2187 2192 2211 2245 2292 2342 2385 2419 2444 2462 2480 2503 2534 2572 2606 2621 2614 2594 2577 2571 2576 2587 2606 2638 2683 2732 2770 2785 2773 2746 2716 2699 2698 2709 2730 2773 2829 2883 2942 3005 3056 3096 3131 3173 3221 3266 3299 3320 3332 3337 3339 3344 3363 3402 3453 3503 3543 3576 3603 3617 3610 3594 3590 3615 3665 3718 3758 3783 3802 3819 3834 3846 3857 3864
2123 2129 2143 2160 2171 2174 2170 2166 2170 2188 2224 2273 2325 2368 2399 2422 2439 2457 2482 2519 2563 2601 2618 2611 2587 2567 2560 2565 2575 2591 2619 2662 2712 2754 2774 2769 2746 2719 2703 2706 2719 2739 2782 2839 2891 2946 3002 3048 3082 3112 3151 3195 3236 3268 3292 3310 3321 3327 3333 3351 3389 3443 3501 3550 3594 3632 3654 3653 3640 3637 3661 3706 3752 3783 3801 3813 3826 3837 3847 3854 3858
2130 2135 2146 2160 2166 2163 2154 2147 2150 2170 2208 2259 2311 2354 2383 2402 2416 2435 2465 2509 2560 2604 2626 2620 2598 2577 2570 2573 2581 2592 2614 2652 2699 2742 2766 2767 2749 2727 2715 2720 2738 2762 2807 2864 2911 2959 3008 3047 3075 3101 3134 3172 3208 3236 3260 3284 3301 3312 3320 3337 3374 3429 3490 3549 3605 3656 3689 3696 3688 3688 3709 3749 3787 3810 3818 3822 3828 3836 3843 3846 3847
2138 2142 2150 2161 2161 2151 2137 2128 2132 2154 2195 2247 2300 2342 2369 2385 2398 2418 2454 2506 2566 2618 2646 2646 2627 2607 2598 2598 2601 2606 2620 2649 2690 2732 2759 2764 2752 2735 2728 2738 2760 2792 2843 2896 2938 2981 3023 3055 3076 3098 3126 3157 3186 3209 3233 3258 3281 3296 3306 3323 3358 3410 3473 3538 3608 3673 3720 3737 3736 3738 3758 3792 3823 3837 3836 3831 3829 3831 3833 3833 3830
2149 2152 2158 2163 2158 2141 2123 2111 2116 2141 2182 2236 2290 2333 2359 2373 2385 2408 2451 2512 2581 2642 2680 2687 2673 2653 2641 2636 2632 2628 2632 2652 2686 2722 2749 2758 2753 2743 2742 2756 2782 2823 2881 2930 2968 3007 3043 3069 3088 3106 3130 3156 3178 3196 3215 3239 3263 3281 3292 3310 3343 3390 3451 3522 3602 3682 3743 3772 3779 3785 3804 3834 3858 3865 3855 3841 3831 3825 3821 3817 3810
2166 2165 2169 2170 2158 2135 2110 2096 2101 2127 2171 2225 2280 2324 2352 2367 2380 2407 2457 2525 2604 2677 2726 2742 2732 2711 2693 2681 2669 2655 2648 2658 2682 2713 2738 2751 2752 2749 2755 2772 2803 2854 2916 2962 2997 3034 3067 3089 3105 3122 3146 3169 3186 3198 3213 3232 3252 3268 3281 3299 3329 3372 3427 3499 3588 3682 3757 3799 3814 3825 3844 3871 3892 3893 3877 3854 3834 3820 3809 3801 3791
2185 2183 2184 2180 2161 2132 2102 2084 2087 2113 2158 2212 2268 2316 2348 2366 2383 2415 2470 2547 2635 2720 2780 2805 2798 2774 2750 2729 2708 2685 2667 2666 2681 2704 2727 2742 2749 2755 2767 2787 2823 2882 2945 2987 3023 3061 3091 3111 3126 3145 3170 3193 3209 3216 3224 3236 3249 3260 3271 3289 3317 3355 3406 3477 3572 3676 3762 3815 3840 3856 3878 3904 3922 3919 3898 3868 3840 3817 3801 3789 3774
2208 2203 2201 2192 2168 2133 2098 2075 2075 2101 2145 2199 2256 2308 2345 2369 2392 2428 2488 2573 2671 2768 2839 2871 2865 2838 2805 2775 2745 2714 2688 2676 2681 2699 2719 2736 2750 2763 2779 2802 2843 2909 2968 3008 3046 3083 3112 3131 3149 3169 3197 3223 3240 3247 3248 3250 3252 3255 3262 3280 3308 3343 3389 3457 3553 3662 3756 3820 3855 3878 3903 3929 3946 3942 3918 3883 3847 3819 3796 3780 3765
2229 2222 2217 2205 2176 2137 2097 2070 2067 2091 2133 2185 2242 2297 2342 2374 2403 2445 2510 2601 2708 2815 2896 2934 2929 2898 2856 2817 2779 2741 2708 2689 2685 2696 2715 2736 2756 2775 2795 2821 2869 2936 2989 3027 3066 3102 3129 3149 3168 3192 3224 3254 3274 3282 3279 3270 3260 3252 3255 3272 3301 3335 3377 3442 3534 3643 3743 3814 3857 3888 3918 3947 3963 3959 3934 3897 3857 3823 3797 3778 3761
2246 2237 2230 2215 2185 2142 2099 2069 2064 2086 2124 2172 2226 2284 2335 2376 2413 2461 2530 2626 2742 2857 2945 2988 2985 2949 2900 2851 2806 2765 2728 2701 2691 2698 2716 2741 2768 2793 2815 2846 2900 2963 3009 3046 3084 3117 3144 3164 3183 3211 3247 3282 3307 3317 3311 3294 3271 3253 3250 3267 3297 3332 3372 3431 3517 3621 3720 3796 3848 3888 3925 3956 3973 3969 3945 3907 3866 3829 3800 3779 3762
2257 2246 2237 2221 2189 2145 2102 2073 2067 2086 2120 2161 2210 2268 2326 2376 2421 2474 2547 2646 2767 2890 2984 3031 3028 2989 2932 2876 2828 2783 2744 2713 2699 2703 2722 2752 2785 2814 2841 2880 2937 2991 3030 3067 3102 3133 3157 3175 3196 3225 3263 3304 3334 3348 3341 3317 3284 3256 3247 3263 3295 3332 3371 3425 3502 3598 3692 3769 3828 3877 3921 3957 3975 3973 3951 3915 3873 3835 3804 3782 3765
2262 2251 2239 2221 2188 2145 2104 2078 2076 2094 2121 2152 2196 2253 2315 2373 2426 2484 2558 2660 2784 2911 3009 3059 3058 3016 2954 2892 2841 2797 2757 2725 2708 2711 2732 2767 2806 2840 2873 2920 2977 3021 3056 3091 3123 3149 3170 3186 3206 3236 3276 3319 3354 3372 3367 3338 3298 3263 3249 3262 3295 3334 3375 3424 3491 3574 3659 3734 3798 3856 3910 3950 3971 3969 3950 3917 3877 3838 3807 3785 3767
2263 2250 2236 2215 2181 2138 2103 2085 2088 2106 2127 2149 2185 2239 2304 2369 2428 2489 2564 2665 2790 2918 3020 3073 3073 3029 2963 2898 2847 2805 2767 2735 2716 2719 2743 2784 2828 2868 2910 2965 3015 3051 3084 3116 3145 3168 3185 3199 3218 3247 3286 3330 3369 3390 3387 3357 3312 3272 3254 3265 3299 3340 3381 3426 3483 3552 3625 3694 3761 3828 3891 3938 3960 3960 3944 3914 3877 3839 3808 3785 3768
2261 2245 2227 2202 2164 2123 2094 2087 2100 2120 2136 2151 2180 2231 2297 2365 2428 2491 2565 2664 2786 2913 3015 3071 3073 3030 2962 2896 2846 2809 2775 2744 2725 2728 2756 2801 2849 2896 2949 3007 3050 3081 3112 3142 3168 3187 3201 3213 3229 3257 3295 3339 3379 3403 3402 3372 3325 3282 3262 3273 3306 3348 3389 3430 3478 3532 3591 3653 3721 3796 3868 3920 3945 3947 3934 3908 3873 3837 3807 3785 3767
2257 2238 2215 2183 2140 2098 2077 2083 2108 2133 2147 2157 2180 2229 2295 2366 2431 2493 2564 2657 2773 2896 2997 3055 3061 3020 2953 2888 2841 2810 2781 2753 2735 2739 2768 2816 2869 2922 2985 3044 3081 3110 3139 3166 3190 3207 3218 3227 3242 3268 3304 3346 3386 3412 3412 3383 3336 3292 3272 3282 3315 3358 3398 3436 3475 3516 3561 3613 3681 3762 3842 3900 3928 3932 3921 3898 3867 3833 3805 3783 3765
2252 2228 2200 2159 2107 2064 2051 2071 2109 2142 2157 2164 2186 2233 2299 2370 2435 2496 2561 2647 2753 2869 2969 3029 3039 3001 2937 2875 2833 2809 2786 2761 2745 2749 2779 2829 2885 2946 3018 3074 3108 3135 3162 3186 3206 3222 3231 3239 3253 3278 3313 3353 3391 3417 3417 3389 3342 3298 3279 3290 3324 3367 3408 3444 3475 3504 3535 3578 3643 3728 3815 3878 3909 3915 3907 3888 3860 3829 3802 3782 3763
2243 2217 2182 2132 2071 2025 2018 2051 2103 2146 2165 2174 2196 2243 2308 2379 2444 2501 2561 2635 2729 2835 2931 2994 3010 2978 2917 2860 2823 2806 2790 2769 2754 2759 2789 2840 2899 2966 3043 3097 3129 3155 3178 3200 3218 3233 3241 3248 3262 3286 3320 3359 3395 3418 3418 3389 3341 3298 3281 3294 3330 3374 3416 3451 3478 3497 3517 3551 3613 3700 3791 3858 3892 3899 3893 3878 3855 3827 3802 3783 3764
2234 2204 2163 2105 2036 1987 1984 2027 2092 2145 2171 2185 2210 2258 2323 2393 2456 2510 2560 2622 2702 2796 2887 2954 2977 2952 2898 2843 2812 2800 2790 2774 2761 2767 2798 2849 2909 2983 3062 3114 3146 3171 3191 3209 3225 3238 3245 3252 3266 3292 3326 3362 3395 3415 3412 3381 3333 3291 3276 3294 3332 3378 3421 3457 3483 3496 3507 3533 3590 3677 3770 3841 3875 3885 3881 3870 3851 3827 3805 3787 3769
2223 2192 2148 2084 2009 1957 1957 2007 2080 2141 2175 2195 2226 2276 2341 2410 2471 2520 2561 2609 2674 2756 2842 2912 2943 2927 2878 2827 2798 2791 2787 2777 2766 2773 2804 2856 2917 2995 3077 3128 3158 3182 3199 3215 3228 3238 3243 3251 3266 3293 3326 3360 3390 3406 3399 3366 3318 3277 3265 3286 3328 3376 3421 3460 3489 3501 3507 3526 3579 3663 3755 3826 3862 3872 3872 3865 3849 3829 3812 3796 3778
2215 2185 2138 2074 1998 1945 1945 1998 2074 2138 2177 2205 2242 2296 2362 2429 2486 2529 2562 2597 2647 2716 2798 2870 2910 2903 2860 2810 2781 2776 2776 2772 2767 2776 2809 2860 2923 3005 3088 3138 3168 3190 3206 3220 3229 3234 3238 3245 3263 3289 3322 3353 3378 3389 3379 3344 3296 3257 3249 3274 3319 3368 3416 3461 3495 3511 3515 3530 3577 3656 3746 3814 3851 3863 3865 3861 3850 3836 3822 3807 3792
