MatLab_Code/h2.grd
DSAA
81 101
0 40000
0 50000
1945 3975
[rows 39 to 77 of 101, columns 0 to 80 of 81]
2213 2183 2139 2078 2005 1954 1955 2005 2077 2139 2181 2214 2258 2316 2381 2446 2500 2538 2560 2583 2620 2679 2756 2832 2880 2882 2842 2791 2758 2752 2757 2759 2761 2775 2809 2861 2926 3010 3095 3145 3174 3196 3213 3224 3230 3231 3231 3238 3255 3282 3312 3341 3360 3366 3352 3317 3270 3234 3230 3259 3306 3357 3408 3458 3500 3523 3531 3543 3584 3656 3740 3806 3842 3856 3860 3860 3854 3843 3834 3823 3809
2218 2190 2150 2096 2032 1987 1986 2029 2090 2145 2186 2224 2274 2336 2400 2461 2511 2541 2556 2570 2596 2645 2718 2797 2854 2864 2825 2769 2729 2721 2727 2736 2746 2767 2805 2859 2925 3011 3098 3149 3177 3201 3219 3231 3233 3228 3224 3229 3246 3271 3298 3321 3336 3337 3322 3286 3243 3211 3211 3243 3292 3343 3396 3452 3503 3536 3549 3562 3596 3660 3737 3798 3832 3848 3857 3860 3857 3852 3847 3841 3830
2229 2203 2169 2124 2073 2036 2034 2067 2114 2157 2193 2234 2288 2351 2414 2471 2516 2541 2550 2555 2573 2616 2686 2768 2832 2846 2806 2743 2694 2679 2688 2703 2723 2752 2796 2853 2922 3007 3094 3148 3177 3202 3225 3238 3237 3226 3217 3220 3235 3257 3280 3298 3308 3306 3289 3256 3217 3192 3196 3229 3278 3329 3383 3444 3505 3548 3568 3581 3610 3665 3732 3788 3821 3839 3852 3859 3860 3860 3861 3859 3853
2244 2219 2191 2157 2119 2092 2091 2113 2145 2174 2203 2244 2300 2363 2423 2476 2516 2537 2541 2541 2554 2592 2660 2743 2811 2828 2786 2713 2652 2630 2637 2660 2689 2728 2779 2841 2912 2995 3083 3140 3171 3201 3228 3243 3241 3226 3212 3211 3223 3241 3259 3273 3279 3274 3258 3229 3195 3175 3183 3218 3265 3314 3369 3435 3505 3558 3586 3600 3622 3666 3723 3772 3804 3826 3844 3856 3861 3867 3873 3875 3872
2257 2233 2210 2187 2162 2146 2147 2161 2179 2194 2216 2253 2308 2368 2426 2476 2512 2530 2531 2529 2539 2574 2639 2722 2790 2807 2760 2677 2605 2574 2581 2608 2647 2697 2755 2823 2896 2976 3061 3124 3160 3194 3227 3246 3243 3225 3206 3201 3209 3224 3238 3246 3249 3245 3230 3205 3178 3163 3174 3210 3255 3302 3357 3428 3505 3567 3599 3614 3629 3661 3706 3749 3781 3807 3830 3848 3859 3870 3882 3889 3891
2263 2241 2222 2208 2195 2189 2193 2203 2211 2216 2230 2261 2311 2367 2423 2472 2507 2523 2522 2519 2527 2560 2622 2702 2769 2782 2729 2637 2555 2515 2519 2551 2598 2657 2725 2798 2872 2948 3029 3098 3143 3181 3220 3243 3241 3220 3199 3190 3195 3206 3215 3221 3222 3218 3206 3186 3164 3154 3168 3204 3247 3293 3350 3425 3507 3573 3610 3622 3629 3649 3681 3718 3749 3779 3809 3833 3851 3870 3888 3901 3906
2262 2241 2225 2217 2213 2217 2227 2236 2239 2238 2244 2267 2308 2360 2415 2465 2501 2516 2514 2511 2519 2551 2610 2685 2746 2755 2695 2594 2504 2458 2459 2492 2546 2613 2688 2765 2841 2914 2989 3064 3118 3162 3204 3232 3232 3211 3189 3178 3180 3187 3194 3197 3197 3195 3187 3171 3154 3148 3165 3200 3242 3289 3348 3426 3512 3580 3616 3624 3623 3630 3650 3678 3709 3743 3779 3810 3837 3865 3890 3908 3917
2252 2232 2218 2213 2217 2228 2244 2258 2262 2256 2255 2269 2302 2349 2405 2457 2495 2510 2508 2504 2513 2544 2599 2668 2721 2723 2657 2551 2455 2405 2403 2436 2494 2567 2646 2727 2805 2877 2945 3020 3086 3137 3181 3211 3214 3196 3176 3165 3165 3170 3175 3177 3177 3176 3171 3160 3146 3143 3161 3197 3241 3290 3353 3434 3520 3586 3620 3622 3612 3608 3617 3637 3664 3700 3740 3779 3816 3854 3887 3910 3922
2236 2218 2204 2201 2208 2225 2248 2267 2275 2270 2263 2269 2293 2336 2392 2448 2488 2503 2501 2498 2508 2538 2589 2651 2694 2687 2617 2510 2413 2361 2356 2387 2444 2520 2603 2686 2765 2837 2901 2972 3045 3104 3150 3180 3188 3176 3160 3151 3151 3154 3157 3159 3160 3161 3158 3150 3141 3140 3158 3195 3242 3296 3363 3445 3529 3593 3622 3619 3602 3588 3586 3597 3619 3652 3694 3740 3787 3835 3879 3907 3923
2217 2200 2187 2183 2192 2213 2241 2266 2279 2276 2266 2265 2282 2322 2378 2437 2480 2495 2493 2491 2502 2532 2578 2631 2665 2651 2579 2474 2380 2327 2319 2347 2401 2477 2560 2644 2724 2798 2860 2924 2998 3065 3112 3143 3155 3151 3141 3136 3137 3139 3141 3143 3146 3148 3148 3142 3136 3138 3157 3194 3244 3304 3376 3459 3539 3598 3622 3617 3596 3575 3565 3565 3579 3607 3647 3696 3752 3812 3864 3899 3918
2199 2183 2169 2166 2175 2196 2227 2257 2274 2273 2263 2258 2271 2308 2365 2426 2470 2486 2484 2483 2496 2524 2565 2609 2634 2614 2543 2444 2356 2305 2295 2318 2367 2438 2520 2603 2684 2759 2823 2881 2949 3019 3070 3102 3119 3122 3121 3121 3124 3127 3129 3131 3135 3138 3138 3136 3132 3136 3157 3195 3248 3313 3389 3471 3548 3602 3624 3618 3596 3573 3556 3548 3551 3568 3602 3652 3715 3785 3845 3885 3907
2186 2170 2157 2152 2159 2180 2211 2242 2263 2266 2256 2249 2259 2295 2352 2414 2459 2476 2476 2476 2489 2515 2550 2584 2600 2577 2511 2421 2342 2296 2284 2300 2343 2407 2485 2567 2647 2723 2789 2843 2902 2970 3027 3061 3082 3094 3100 3107 3112 3115 3118 3122 3126 3130 3131 3130 3130 3136 3157 3196 3252 3321 3399 3480 3554 3606 3628 3624 3604 3580 3560 3546 3538 3543 3567 3614 3681 3757 3823 3867 3892
2178 2164 2150 2144 2149 2166 2195 2226 2249 2254 2246 2239 2249 2284 2341 2402 2448 2467 2469 2470 2483 2505 2531 2555 2564 2542 2484 2407 2339 2297 2283 2294 2328 2386 2457 2536 2615 2692 2759 2813 2862 2923 2984 3024 3048 3067 3081 3092 3101 3105 3109 3113 3119 3123 3125 3126 3128 3136 3158 3198 3255 3326 3406 3487 3557 3611 3636 3634 3617 3597 3577 3558 3541 3535 3547 3587 3653 3732 3801 3847 3871
2176 2161 2148 2141 2143 2157 2182 2211 2234 2241 2236 2231 2242 2277 2332 2392 2437 2459 2464 2468 2479 2494 2509 2522 2527 2508 2463 2401 2344 2306 2291 2296 2322 2371 2438 2512 2589 2664 2733 2787 2831 2883 2945 2991 3021 3044 3063 3079 3089 3096 3100 3106 3113 3117 3120 3123 3127 3138 3161 3200 3257 3328 3407 3489 3561 3616 3645 3649 3635 3618 3601 3580 3558 3541 3543 3574 3635 3712 3781 3827 3850
2177 2163 2149 2143 2142 2152 2172 2198 2220 2230 2228 2227 2240 2274 2326 2384 2429 2455 2464 2470 2478 2484 2486 2489 2489 2478 2446 2400 2354 2321 2305 2305 2323 2364 2423 2494 2568 2642 2710 2766 2808 2851 2911 2965 2999 3025 3047 3065 3078 3086 3093 3100 3107 3113 3117 3122 3129 3141 3164 3202 3258 3328 3407 3489 3565 3624 3658 3665 3654 3640 3626 3607 3583 3561 3555 3577 3631 3701 3766 3808 3829
2180 2165 2152 2145 2143 2149 2164 2188 2210 2221 2223 2227 2241 2274 2324 2377 2424 2453 2468 2476 2479 2474 2463 2455 2454 2451 2435 2405 2369 2340 2323 2317 2330 2363 2416 2482 2554 2626 2693 2750 2793 2832 2886 2945 2983 3010 3034 3054 3068 3078 3086 3094 3103 3110 3117 3123 3132 3146 3168 3204 3257 3326 3405 3489 3568 3634 3672 3681 3672 3660 3649 3633 3611 3588 3577 3591 3635 3698 3755 3792 3810
2180 2165 2153 2146 2144 2146 2159 2180 2201 2216 2223 2230 2247 2279 2323 2374 2420 2455 2476 2487 2485 2467 2441 2424 2423 2430 2430 2413 2386 2359 2341 2333 2340 2367 2415 2476 2545 2615 2681 2737 2783 2821 2871 2932 2973 3001 3024 3044 3059 3070 3080 3090 3100 3110 3119 3127 3138 3152 3173 3207 3257 3323 3401 3488 3573 3644 3687 3697 3688 3675 3666 3655 3637 3617 3604 3613 3647 3700 3749 3780 3794
2178 2163 2151 2145 2143 2144 2155 2174 2196 2213 2225 2237 2255 2284 2325 2372 2419 2459 2488 2501 2494 2465 2426 2399 2399 2416 2429 2424 2404 2378 2359 2349 2352 2375 2418 2476 2542 2610 2675 2731 2779 2819 2866 2926 2969 2995 3018 3037 3052 3065 3076 3087 3100 3111 3122 3133 3145 3159 3179 3210 3256 3318 3396 3486 3577 3654 3700 3710 3700 3686 3676 3669 3658 3643 3631 3635 3662 3704 3744 3770 3781
2173 2159 2147 2142 2141 2142 2152 2169 2191 2212 2230 2246 2265 2290 2326 2371 2419 2465 2501 2518 2508 2470 2420 2386 2386 2411 2434 2438 2422 2397 2377 2365 2366 2386 2425 2480 2544 2611 2674 2731 2780 2822 2868 2926 2969 2994 3015 3034 3049 3062 3075 3088 3101 3115 3128 3141 3154 3168 3186 3214 3255 3313 3390 3483 3579 3660 3709 3721 3709 3692 3681 3676 3671 3662 3654 3655 3673 3706 3740 3762 3771
2167 2153 2142 2138 2137 2140 2149 2166 2189 2213 2235 2255 2274 2297 2328 2370 2421 2472 2517 2540 2530 2485 2427 2387 2387 2415 2444 2454 2441 2417 2396 2383 2382 2398 2435 2489 2552 2618 2679 2735 2785 2829 2874 2932 2973 2996 3015 3033 3049 3063 3077 3091 3105 3120 3136 3151 3164 3178 3194 3218 3254 3308 3383 3477 3577 3663 3714 3728 3716 3697 3683 3678 3677 3675 3669 3667 3679 3706 3735 3754 3763
2161 2147 2137 2134 2136 2140 2149 2164 2187 2214 2241 2264 2283 2303 2331 2372 2425 2482 2535 2567 2560 2513 2449 2405 2401 2429 2461 2473 2462 2439 2417 2402 2400 2414 2448 2500 2563 2628 2689 2744 2795 2839 2885 2941 2979 3000 3019 3037 3052 3067 3081 3097 3112 3129 3146 3162 3175 3188 3202 3222 3253 3302 3374 3469 3571 3660 3715 3732 3721 3700 3683 3676 3679 3681 3677 3674 3680 3701 3728 3748 3757
2159 2145 2135 2134 2137 2142 2151 2165 2187 2216 2247 2271 2290 2308 2334 2375 2429 2493 2555 2598 2599 2554 2487 2438 2429 2453 2483 2497 2488 2467 2443 2426 2420 2431 2463 2514 2576 2640 2701 2757 2808 2852 2899 2952 2987 3006 3025 3043 3059 3074 3089 3105 3122 3139 3157 3174 3187 3198 3210 3225 3252 3296 3365 3457 3560 3651 3710 3731 3724 3704 3684 3674 3677 3682 3681 3675 3677 3694 3720 3741 3751
2160 2146 2137 2137 2142 2148 2157 2170 2191 2220 2253 2279 2297 2313 2338 2379 2435 2504 2576 2631 2645 2606 2540 2486 2469 2486 2512 2526 2520 2500 2476 2455 2445 2452 2479 2527 2589 2653 2715 2771 2822 2866 2913 2964 2995 3012 3031 3050 3068 3085 3100 3116 3133 3152 3170 3187 3200 3209 3217 3230 3252 3291 3356 3446 3547 3638 3699 3726 3726 3708 3687 3675 3676 3682 3680 3672 3671 3686 3712 3734 3747
2166 2152 2143 2144 2151 2158 2166 2177 2198 2228 2261 2287 2304 2319 2343 2385 2444 2517 2598 2667 2695 2666 2602 2543 2518 2527 2548 2561 2558 2541 2517 2491 2474 2474 2496 2541 2600 2665 2728 2784 2836 2879 2926 2975 3001 3019 3038 3058 3079 3097 3114 3130 3148 3166 3186 3202 3213 3220 3226 3236 3254 3289 3349 3434 3532 3622 3685 3719 3725 3713 3693 3679 3677 3682 3680 3670 3665 3679 3705 3729 3742
2176 2163 2153 2155 2162 2170 2177 2189 2209 2240 2272 2298 2313 2325 2349 2391 2451 2529 2617 2700 2743 2727 2667 2604 2571 2571 2587 2601 2603 2591 2565 2534 2508 2498 2513 2553 2610 2675 2738 2796 2848 2891 2937 2984 3008 3025 3047 3068 3089 3111 3130 3147 3165 3184 3203 3219 3229 3233 3236 3243 3258 3289 3344 3423 3516 3604 3669 3707 3722 3718 3701 3687 3682 3684 3680 3668 3662 3673 3699 3725 3739
2189 2175 2166 2168 2175 2183 2191 2203 2225 2257 2288 2311 2323 2334 2357 2399 2460 2540 2634 2727 2785 2782 2728 2664 2623 2616 2630 2646 2653 2645 2620 2583 2544 2523 2529 2562 2616 2680 2745 2806 2858 2899 2947 2991 3013 3031 3054 3079 3103 3126 3147 3166 3185 3204 3224 3239 3247 3248 3248 3253 3265 3293 3342 3416 3503 3586 3651 3694 3716 3721 3712 3699 3693 3690 3683 3670 3661 3670 3695 3720 3734
2204 2189 2181 2182 2188 2196 2205 2220 2246 2279 2308 2327 2337 2346 2368 2408 2468 2548 2645 2743 2813 2823 2778 2714 2670 2660 2672 2690 2703 2701 2676 2632 2582 2546 2542 2568 2619 2682 2748 2811 2864 2906 2953 2996 3018 3038 3064 3091 3117 3143 3166 3188 3207 3227 3246 3260 3267 3265 3263 3265 3276 3301 3346 3412 3492 3570 3634 3679 3708 3723 3722 3714 3707 3701 3691 3674 3662 3668 3690 3714 3728
2220 2205 2196 2195 2201 2208 2219 2239 2268 2303 2331 2347 2352 2360 2380 2418 2475 2553 2648 2748 2824 2845 2810 2752 2709 2697 2709 2730 2748 2752 2728 2676 2615 2566 2550 2570 2618 2681 2749 2814 2867 2909 2957 3000 3022 3045 3073 3103 3132 3160 3186 3211 3231 3252 3271 3284 3289 3284 3278 3279 3290 3313 3353 3412 3484 3557 3618 3664 3698 3722 3732 3731 3725 3716 3701 3682 3666 3667 3686 3705 3719
2235 2220 2211 2209 2213 2221 2234 2257 2291 2328 2355 2367 2370 2376 2394 2430 2484 2557 2645 2740 2817 2846 2821 2773 2736 2727 2739 2761 2784 2791 2769 2713 2640 2579 2553 2567 2612 2677 2746 2813 2868 2910 2959 3001 3027 3053 3083 3116 3147 3178 3207 3234 3256 3277 3296 3308 3311 3305 3297 3296 3305 3328 3363 3415 3480 3547 3604 3650 3689 3721 3742 3749 3746 3735 3717 3693 3672 3667 3679 3695 3705
2251 2236 2226 2223 2225 2232 2247 2274 2312 2350 2376 2385 2387 2392 2410 2445 2494 2559 2636 2720 2791 2825 2813 2776 2748 2744 2757 2780 2804 2816 2795 2735 2654 2583 2550 2560 2605 2670 2742 2812 2867 2910 2959 3003 3031 3061 3095 3130 3164 3197 3229 3257 3281 3303 3321 3333 3334 3326 3316 3314 3323 3344 3376 3423 3480 3540 3594 3640 3681 3720 3751 3767 3767 3756 3735 3708 3682 3669 3673 3683 3688
2268 2253 2242 2238 2238 2244 2259 2289 2329 2367 2391 2400 2402 2410 2429 2462 2506 2560 2622 2690 2751 2786 2784 2763 2746 2748 2763 2784 2808 2821 2803 2741 2655 2578 2541 2550 2595 2662 2737 2809 2865 2909 2959 3005 3036 3071 3108 3146 3181 3216 3249 3279 3305 3328 3346 3357 3358 3348 3336 3332 3341 3362 3393 3434 3486 3540 3590 3633 3676 3720 3759 3782 3787 3776 3755 3726 3695 3674 3670 3673 3672
2285 2270 2258 2253 2251 2255 2271 2301 2340 2376 2399 2409 2414 2426 2449 2481 2520 2562 2607 2655 2703 2735 2742 2735 2731 2739 2755 2775 2797 2811 2793 2732 2644 2565 2527 2537 2584 2654 2733 2807 2865 2908 2960 3007 3042 3081 3122 3162 3199 3234 3269 3300 3327 3352 3371 3381 3380 3369 3357 3352 3361 3382 3412 3450 3497 3545 3591 3632 3675 3722 3766 3795 3804 3795 3776 3747 3714 3686 3672 3667 3659
2302 2288 2276 2269 2266 2269 2283 2310 2347 2380 2402 2414 2424 2441 2468 2502 2536 2566 2592 2620 2652 2677 2690 2694 2702 2718 2736 2754 2774 2787 2770 2711 2624 2547 2511 2524 2574 2647 2729 2806 2864 2910 2963 3010 3049 3093 3137 3179 3217 3253 3288 3319 3348 3373 3394 3403 3401 3390 3377 3373 3383 3404 3433 3470 3512 3556 3598 3637 3678 3726 3772 3804 3815 3810 3795 3770 3737 3705 3682 3667 3653
2321 2307 2294 2287 2282 2283 2295 2319 2351 2380 2401 2416 2432 2455 2487 2522 2553 2572 2581 2589 2603 2620 2633 2646 2663 2686 2708 2725 2742 2753 2738 2681 2598 2526 2495 2512 2566 2642 2727 2806 2866 2913 2968 3016 3058 3105 3153 3196 3234 3270 3304 3337 3366 3393 3413 3423 3421 3409 3396 3393 3404 3427 3457 3492 3531 3571 3610 3646 3686 3731 3776 3807 3820 3819 3811 3794 3765 3731 3701 3679 3658
2341 2327 2315 2306 2300 2300 2309 2329 2355 2379 2399 2416 2438 2467 2504 2542 2571 2582 2577 2566 2563 2568 2578 2593 2617 2645 2671 2689 2704 2714 2701 2649 2572 2506 2481 2503 2561 2639 2726 2808 2869 2919 2975 3023 3069 3120 3169 3212 3251 3286 3320 3352 3382 3408 3429 3440 3438 3426 3414 3412 3424 3449 3481 3515 3551 3589 3624 3658 3695 3737 3777 3805 3818 3821 3821 3814 3795 3762 3729 3701 3674
2362 2349 2337 2329 2321 2321 2327 2342 2362 2381 2399 2418 2444 2478 2519 2560 2588 2594 2578 2553 2535 2528 2530 2542 2567 2599 2628 2649 2664 2673 2662 2616 2548 2490 2471 2499 2560 2640 2729 2812 2874 2927 2985 3034 3083 3136 3185 3228 3266 3300 3333 3363 3392 3419 3440 3451 3450 3439 3427 3427 3441 3470 3503 3537 3571 3605 3637 3669 3703 3741 3775 3798 3808 3814 3822 3829 3822 3797 3763 3730 3701
2385 2374 2362 2353 2347 2344 2348 2358 2373 2387 2403 2424 2453 2490 2532 2574 2603 2607 2584 2551 2521 2502 2494 2498 2519 2551 2582 2605 2620 2630 2621 2584 2525 2477 2467 2500 2563 2644 2734 2817 2881 2937 2997 3047 3098 3153 3203 3244 3280 3313 3343 3371 3397 3422 3442 3453 3453 3443 3434 3436 3453 3483 3519 3552 3584 3616 3647 3677 3709 3741 3768 3784 3790 3798 3816 3836 3844 3829 3799 3765 3734
2411 2399 2389 2381 2374 2371 2373 2379 2387 2396 2410 2432 2462 2501 2543 2584 2613 2619 2595 2558 2522 2494 2474 2466 2477 2503 2534 2557 2572 2583 2578 2549 2503 2467 2466 2504 2569 2651 2741 2824 2888 2948 3010 3061 3115 3172 3220 3260 3292 3321 3349 3373 3396 3417 3434 3446 3447 3439 3432 3436 3456 3488 3525 3558 3589 3619 3648 3678 3708 3736 3757 3766 3767 3776 3801 3834 3856 3854 3832 3799 3770
2437 2425 2416 2408 2403 2401 2400 2402 2404 2408 2420 2441 2472 2510 2551 2590 2619 2625 2607 2573 2535 2500 2469 2447 2444 2460 2484 2505 2520 2530 2529 2510 2479 2458 2466 2509 2577 2660 2748 2830 2895 2958 3022 3076 3134 3190 3238 3273 3301 3327 3350 3370 3387 3402 3417 3428 3430 3426 3421 3427 3448 3482 3518 3551 3581 3611 3641 3671 3700 3725 3740 3742 3739 3749 3780 3824 3859 3869 3854 3826 3800
