MatLab_Code/pn.grd
DSAA
81 101
0 40000
0 50000
-0.2824 0.1455
[rows 30 to 59 of 101, columns 0 to 66 of 81]
0.1455 0.1402 0.1353 0.1322 0.1292 0.1264 0.1237 0.121 0.1181 0.1154 0.1127 0.1099 0.1069 0.104 0.1009 0.0978 0.0946 0.0914 0.0882 0.0849 0.0815 0.0783 0.0749 0.0715 0.0683 0.065 0.06173 0.05887 0.05602 0.05329 0.05062 0.04813 0.04577 0.04362 0.04149 0.03941 0.03742 0.03551 0.03361 0.03172 0.02987 0.0281 0.02611 0.02404 0.02188 0.01954 0.01717 0.0148 0.01237 0.00998 0.00751 0.00495 0.00246 -0.00015 -0.00287 -0.00578 -0.00887 -0.01194 -0.01515 -0.0186 -0.02199 -0.02557 -0.029462 -0.033457 -0.037297 -0.041446 -0.045705
0.1453 0.14 0.135 0.1318 0.1288 0.1259 0.1232 0.1204 0.1175 0.1148 0.112 0.1091 0.106 0.103 0.0999 0.0967 0.0934 0.0901 0.0869 0.0833 0.0799 0.0765 0.073 0.0693 0.0659 0.0626 0.05928 0.05627 0.05337 0.05055 0.04795 0.04558 0.04336 0.04135 0.03933 0.03723 0.03527 0.0335 0.03168 0.02982 0.02804 0.02627 0.02436 0.02234 0.02033 0.01815 0.01592 0.01368 0.01144 0.0092 0.00685 0.00451 0.00213 -0.00036 -0.00292 -0.00562 -0.00859 -0.01154 -0.01463 -0.01802 -0.02133 -0.0249 -0.028689 -0.032663 -0.036507 -0.040636 -0.044916
0.1449 0.1396 0.1346 0.1314 0.1284 0.1255 0.1228 0.1198 0.117 0.1141 0.1112 0.1083 0.1053 0.1021 0.0989 0.0958 0.0923 0.089 0.0856 0.082 0.0784 0.075 0.0713 0.0674 0.0639 0.06055 0.05711 0.054 0.05111 0.04831 0.0458 0.04355 0.04133 0.03921 0.03731 0.0353 0.03335 0.03157 0.0298 0.02801 0.02623 0.02446 0.02254 0.0206 0.0188 0.01668 0.01454 0.01254 0.01053 0.00841 0.0062 0.0041 0.00194 -0.00043 -0.00288 -0.00546 -0.00825 -0.01108 -0.01411 -0.01746 -0.02069 -0.02413 -0.0279 -0.031771 -0.035617 -0.039815 -0.043922
0.1444 0.139 0.1341 0.1309 0.1279 0.125 0.1221 0.1192 0.1163 0.1134 0.1105 0.1075 0.1044 0.1013 0.098 0.0947 0.0913 0.0878 0.0843 0.0807 0.0771 0.0736 0.0699 0.066 0.0623 0.05879 0.05524 0.052 0.04907 0.04646 0.044 0.04162 0.03951 0.03745 0.0355 0.03349 0.03154 0.02976 0.02798 0.02614 0.02435 0.02256 0.02066 0.01885 0.01708 0.01506 0.01314 0.01135 0.00949 0.00762 0.00567 0.00366 0.00164 -0.00047 -0.00274 -0.00524 -0.00784 -0.01056 -0.01344 -0.01658 -0.01983 -0.02322 -0.02696 -0.030754 -0.03457 -0.038648 -0.042761
0.1436 0.1384 0.1334 0.1303 0.1273 0.1243 0.1215 0.1185 0.1154 0.1127 0.1098 0.1066 0.1036 0.1004 0.0971 0.0937 0.0903 0.0868 0.0832 0.0795 0.076 0.0724 0.0685 0.0646 0.06094 0.0573 0.05372 0.05032 0.04743 0.04467 0.04229 0.04002 0.03785 0.03584 0.03384 0.03182 0.02987 0.02805 0.0261 0.02419 0.02241 0.02063 0.01871 0.01698 0.01525 0.01341 0.01174 0.01013 0.00849 0.00673 0.00508 0.00323 0.00138 -0.0005 -0.00261 -0.00491 -0.0073 -0.00991 -0.01261 -0.0156 -0.01878 -0.02209 -0.02568 -0.029452 -0.033128 -0.037294 -0.04147
0.1428 0.1375 0.1327 0.1296 0.1266 0.1237 0.1208 0.1178 0.1147 0.1118 0.109 0.1059 0.1027 0.0995 0.0963 0.0929 0.0894 0.0859 0.0823 0.0787 0.075 0.0714 0.0675 0.0636 0.06005 0.05636 0.0527 0.04926 0.04626 0.04366 0.04123 0.03883 0.03659 0.03442 0.03241 0.03041 0.02841 0.02649 0.0246 0.0226 0.02073 0.01885 0.01696 0.01518 0.01355 0.01195 0.01038 0.00897 0.00743 0.00599 0.00444 0.00295 0.00125 -0.00033 -0.00237 -0.00442 -0.00656 -0.00905 -0.01173 -0.01459 -0.01766 -0.02082 -0.02432 -0.02793 -0.031687 -0.035588 -0.039792
0.1417 0.1368 0.1321 0.1289 0.1258 0.1228 0.1199 0.117 0.1141 0.1111 0.1083 0.1051 0.1019 0.0987 0.0955 0.0921 0.0888 0.0852 0.0816 0.078 0.0744 0.0708 0.0669 0.0631 0.05955 0.05585 0.05218 0.04887 0.0459 0.04305 0.04053 0.03808 0.03584 0.03361 0.03143 0.02939 0.02723 0.02523 0.02324 0.02122 0.01924 0.01725 0.01537 0.01357 0.01209 0.01058 0.00901 0.00782 0.00666 0.00533 0.00415 0.00276 0.00124 -0.00017 -0.00193 -0.00386 -0.00585 -0.00812 -0.01064 -0.01347 -0.01624 -0.01943 -0.02279 -0.02635 -0.02995 -0.033941 -0.037958
0.1408 0.1357 0.1311 0.1281 0.125 0.1221 0.1192 0.1163 0.1134 0.1105 0.1075 0.1044 0.1013 0.0981 0.095 0.0914 0.0881 0.0847 0.0812 0.0776 0.074 0.0704 0.0666 0.0628 0.05931 0.05572 0.05225 0.04892 0.04591 0.043 0.04029 0.03781 0.03537 0.03314 0.03091 0.02869 0.02645 0.02424 0.02203 0.01989 0.01788 0.01598 0.01405 0.01218 0.01073 0.00923 0.00801 0.00689 0.00598 0.00467 0.00375 0.00262 0.00144 0.00011 -0.00141 -0.00318 -0.00506 -0.00719 -0.00955 -0.01218 -0.01486 -0.01789 -0.02121 -0.02476 -0.028134 -0.032145 -0.036132
0.1394 0.1348 0.1305 0.1274 0.1243 0.1214 0.1185 0.1156 0.1127 0.1098 0.1069 0.1039 0.1007 0.0976 0.0943 0.0912 0.0876 0.0843 0.0807 0.0774 0.0738 0.0703 0.0666 0.0629 0.05943 0.05595 0.05251 0.04945 0.04639 0.04344 0.04054 0.03804 0.03558 0.03312 0.03068 0.0284 0.02596 0.02355 0.0213 0.01906 0.01694 0.01492 0.0129 0.01102 0.00957 0.00823 0.00708 0.00619 0.00531 0.00443 0.00355 0.00267 0.00174 0.00058 -0.00083 -0.0023 -0.00394 -0.00596 -0.00809 -0.0106 -0.01327 -0.01628 -0.0196 -0.02296 -0.02631 -0.030102 -0.034068
0.1381 0.1337 0.1294 0.1263 0.1234 0.1205 0.1176 0.1149 0.1119 0.1091 0.1063 0.1033 0.1002 0.0972 0.0939 0.0906 0.0874 0.0841 0.0807 0.0772 0.0738 0.0705 0.0669 0.0634 0.05999 0.05657 0.0532 0.05015 0.0471 0.04414 0.04124 0.03871 0.03605 0.03338 0.03088 0.02828 0.02593 0.02328 0.02079 0.01842 0.01616 0.01392 0.01182 0.00995 0.00849 0.00715 0.00602 0.0055 0.00487 0.00421 0.00359 0.00295 0.00224 0.00131 0.00014 -0.00117 -0.0027 -0.00461 -0.00661 -0.00889 -0.01149 -0.01432 -0.01757 -0.02091 -0.02427 -0.02789 -0.031829
0.1368 0.1326 0.1285 0.1254 0.1225 0.1197 0.1171 0.1143 0.1113 0.1086 0.1058 0.1027 0.0997 0.0968 0.0936 0.0905 0.0872 0.0841 0.0808 0.0774 0.0741 0.0708 0.0674 0.0639 0.0607 0.05749 0.05418 0.05114 0.04808 0.04512 0.04222 0.03952 0.03684 0.03409 0.0314 0.02875 0.02619 0.02343 0.02067 0.01817 0.01567 0.01331 0.01118 0.00926 0.00779 0.00646 0.00553 0.00508 0.00467 0.00409 0.00384 0.00342 0.00284 0.00214 0.00116 0 -0.00138 -0.00317 -0.00516 -0.00731 -0.00983 -0.01253 -0.01556 -0.01887 -0.0222 -0.02594 -0.029702
0.1352 0.1314 0.1275 0.1245 0.1217 0.119 0.1163 0.1136 0.1107 0.108 0.1052 0.1023 0.0994 0.0965 0.0935 0.0904 0.0872 0.0842 0.081 0.0777 0.0746 0.0715 0.0682 0.0649 0.06174 0.05861 0.05552 0.05257 0.04956 0.04656 0.0437 0.04095 0.03819 0.03517 0.03242 0.02965 0.02679 0.02398 0.02111 0.01842 0.01566 0.01315 0.01086 0.00874 0.00717 0.00582 0.00509 0.00488 0.00467 0.00437 0.00421 0.00404 0.0038 0.00326 0.00233 0.0014 0.00024 -0.00143 -0.00331 -0.00543 -0.00782 -0.01058 -0.01352 -0.01677 -0.01997 -0.02349 -0.02725
0.1337 0.1301 0.1264 0.1236 0.121 0.1183 0.1155 0.1129 0.1102 0.1075 0.1048 0.102 0.0992 0.0963 0.0934 0.0904 0.0875 0.0845 0.0814 0.0783 0.0753 0.0723 0.0692 0.0661 0.063 0.06 0.05705 0.05415 0.05125 0.04824 0.04549 0.04262 0.03971 0.03682 0.0339 0.03091 0.02793 0.0249 0.02187 0.01905 0.01614 0.01339 0.01086 0.0086 0.00689 0.00551 0.00491 0.00493 0.00489 0.0049 0.00499 0.00503 0.00489 0.00449 0.00372 0.00298 0.00194 0.00039 -0.0014 -0.00347 -0.00581 -0.00847 -0.01148 -0.0146 -0.01792 -0.02131 -0.02497
0.1324 0.1289 0.1254 0.1227 0.12 0.1175 0.115 0.1124 0.1097 0.1071 0.1045 0.1018 0.099 0.0963 0.0935 0.0907 0.0878 0.0849 0.082 0.0791 0.0762 0.0733 0.0703 0.0675 0.0645 0.06162 0.0588 0.05593 0.05309 0.05022 0.04742 0.04462 0.04172 0.03874 0.0358 0.03268 0.02955 0.02639 0.02314 0.02012 0.01718 0.01417 0.01135 0.00878 0.00689 0.00557 0.00507 0.00532 0.00565 0.00579 0.00609 0.00631 0.00638 0.00609 0.00541 0.00471 0.00379 0.00231 0.00051 -0.00149 -0.00376 -0.00646 -0.00935 -0.01245 -0.0157 -0.01915 -0.02267
0.131 0.1278 0.1245 0.1219 0.1194 0.1169 0.1144 0.1119 0.1093 0.1069 0.1043 0.1017 0.0991 0.0964 0.0937 0.091 0.0883 0.0854 0.0826 0.0799 0.0772 0.0745 0.0717 0.0689 0.0662 0.0634 0.06062 0.0579 0.05523 0.05239 0.04957 0.04677 0.04387 0.04087 0.03783 0.03471 0.03156 0.02829 0.02492 0.02171 0.01859 0.01539 0.01232 0.00933 0.00711 0.00592 0.00569 0.00618 0.00666 0.00703 0.00747 0.00781 0.008 0.00784 0.00723 0.00658 0.00567 0.00419 0.00244 0.00052 -0.0018 -0.00443 -0.00729 -0.01038 -0.01353 -0.01698 -0.02053
0.1297 0.1266 0.1236 0.121 0.1187 0.1163 0.1139 0.1115 0.1091 0.1068 0.1042 0.1016 0.0992 0.0967 0.094 0.0915 0.0888 0.0861 0.0834 0.0808 0.0782 0.0757 0.073 0.0704 0.0679 0.0653 0.0627 0.06005 0.05739 0.05464 0.05194 0.04918 0.04629 0.04337 0.04025 0.0371 0.03385 0.03055 0.0271 0.02385 0.02055 0.01716 0.01398 0.01072 0.0081 0.00701 0.00705 0.00778 0.00818 0.00863 0.00909 0.00951 0.0097 0.00957 0.00909 0.00852 0.00754 0.00607 0.00438 0.00246 0.00013 -0.0025 -0.00548 -0.00859 -0.01162 -0.01508 -0.01861
0.1282 0.1254 0.1226 0.1202 0.1179 0.1157 0.1135 0.1112 0.1089 0.1067 0.1042 0.1017 0.0994 0.097 0.0945 0.0921 0.0896 0.0869 0.0843 0.0819 0.0795 0.0771 0.0747 0.0723 0.0698 0.0674 0.065 0.0625 0.05992 0.05741 0.05463 0.05192 0.04918 0.04626 0.04314 0.04 0.03679 0.03346 0.03 0.02666 0.0234 0.01999 0.01676 0.01345 0.01079 0.00964 0.00962 0.01016 0.01045 0.01075 0.01119 0.01148 0.0117 0.01169 0.01118 0.01057 0.00968 0.00819 0.00643 0.00452 0.00219 -0.00056 -0.00352 -0.00661 -0.0097 -0.01311 -0.01663
0.1268 0.1243 0.1218 0.1196 0.1175 0.1153 0.1132 0.111 0.1088 0.1066 0.1043 0.1019 0.0997 0.0974 0.0951 0.0928 0.0903 0.0877 0.0854 0.0831 0.081 0.0786 0.0763 0.074 0.0717 0.0695 0.0672 0.0648 0.0623 0.05987 0.05734 0.05482 0.05214 0.04923 0.04612 0.04314 0.03997 0.03656 0.03306 0.02979 0.02656 0.02328 0.02014 0.01717 0.01474 0.01329 0.01282 0.01289 0.01297 0.0132 0.01347 0.01367 0.01374 0.01365 0.01317 0.01262 0.01176 0.01028 0.00848 0.00634 0.00391 0.00125 -0.00177 -0.00489 -0.00803 -0.01138 -0.01492
0.1258 0.1236 0.1211 0.1189 0.1171 0.115 0.113 0.1109 0.1088 0.1066 0.1044 0.1021 0.1 0.0978 0.0956 0.0934 0.0911 0.0888 0.0865 0.0842 0.0821 0.0799 0.0776 0.0755 0.0733 0.0712 0.069 0.0667 0.0645 0.0621 0.05967 0.05722 0.05472 0.052 0.04905 0.04596 0.0428 0.03943 0.03611 0.03298 0.02966 0.02643 0.02349 0.02058 0.01829 0.01664 0.01586 0.01563 0.01529 0.01531 0.01538 0.01557 0.01559 0.01546 0.01494 0.01432 0.01347 0.01198 0.01007 0.0079 0.00536 0.00269 -0.00036 -0.00366 -0.00664 -0.01015 -0.01352
0.1247 0.1225 0.1204 0.1184 0.1164 0.1147 0.1128 0.1108 0.1088 0.1067 0.1047 0.1025 0.1004 0.0984 0.0963 0.094 0.092 0.0898 0.0877 0.0855 0.0835 0.0813 0.0793 0.0772 0.0752 0.0732 0.0711 0.069 0.0669 0.0647 0.0623 0.06005 0.05761 0.05493 0.05221 0.04929 0.04631 0.04309 0.03974 0.03652 0.03326 0.03001 0.02705 0.02427 0.02206 0.02024 0.01905 0.01857 0.01795 0.01773 0.01755 0.01756 0.01757 0.0174 0.01679 0.01625 0.01532 0.01374 0.01169 0.00933 0.00672 0.00388 0.00097 -0.00234 -0.00547 -0.00882 -0.01217
0.1236 0.1218 0.1198 0.1179 0.116 0.1143 0.1126 0.1106 0.1088 0.1067 0.1048 0.103 0.101 0.099 0.0969 0.0949 0.0929 0.0907 0.0888 0.0867 0.0848 0.0828 0.0809 0.0789 0.0769 0.075 0.0732 0.0712 0.0692 0.067 0.065 0.0628 0.06056 0.0579 0.05543 0.05275 0.04998 0.04679 0.04344 0.04018 0.03685 0.03351 0.03063 0.02792 0.02556 0.02351 0.02205 0.02113 0.02024 0.01981 0.01959 0.01937 0.01916 0.01894 0.01846 0.0178 0.01696 0.01524 0.01307 0.01054 0.00786 0.00501 0.00193 -0.00121 -0.00433 -0.00769 -0.01123
0.1224 0.1208 0.1191 0.1173 0.1156 0.1139 0.1122 0.1105 0.1088 0.1069 0.1051 0.1033 0.1016 0.0996 0.0976 0.0958 0.0938 0.0921 0.09 0.088 0.086 0.0841 0.0823 0.0805 0.0788 0.077 0.0752 0.0733 0.0714 0.0695 0.0677 0.0657 0.0635 0.06131 0.05906 0.05648 0.05389 0.05077 0.04756 0.0442 0.0408 0.03741 0.03433 0.03141 0.02882 0.02668 0.02485 0.02384 0.02273 0.02205 0.02158 0.02112 0.02071 0.02037 0.01977 0.01923 0.01828 0.01643 0.01405 0.01144 0.00874 0.00589 0.0028 -0.00051 -0.00365 -0.00699 -0.01032
0.1213 0.12 0.1184 0.1167 0.1152 0.1136 0.112 0.1103 0.1087 0.1071 0.1054 0.1037 0.102 0.1002 0.0984 0.0967 0.0949 0.0929 0.0911 0.0892 0.0874 0.0856 0.0839 0.0823 0.0805 0.0788 0.0772 0.0755 0.0739 0.0721 0.0704 0.0684 0.0666 0.0647 0.0627 0.06068 0.05816 0.0552 0.05199 0.04856 0.04486 0.04122 0.03798 0.03484 0.03212 0.02966 0.02774 0.02632 0.02497 0.02404 0.0233 0.0226 0.02198 0.02151 0.02089 0.02009 0.01899 0.01706 0.01467 0.01206 0.00924 0.00635 0.00326 0.00013 -0.003 -0.00634 -0.00963
0.1201 0.1191 0.1177 0.1162 0.1147 0.1132 0.1117 0.1101 0.1087 0.1072 0.1057 0.1041 0.1026 0.1009 0.0992 0.0976 0.0958 0.0939 0.0923 0.0904 0.0888 0.087 0.0853 0.0838 0.0822 0.0807 0.0793 0.0777 0.0761 0.0745 0.0729 0.0712 0.0697 0.068 0.0663 0.0645 0.0623 0.05955 0.05634 0.05281 0.04896 0.04497 0.04153 0.03821 0.03507 0.03244 0.03027 0.0286 0.02702 0.02582 0.02468 0.02378 0.02307 0.02234 0.02151 0.02049 0.01913 0.01721 0.01485 0.01224 0.00956 0.00675 0.00368 0.00054 -0.00259 -0.00587 -0.00903
0.1187 0.1179 0.1168 0.1154 0.114 0.1128 0.1113 0.1099 0.1086 0.1072 0.1058 0.1044 0.1031 0.1016 0.1001 0.0985 0.0968 0.0953 0.0935 0.0919 0.0902 0.0885 0.0869 0.0855 0.0841 0.0827 0.0814 0.0799 0.0786 0.0771 0.0758 0.0744 0.0731 0.0716 0.0703 0.0688 0.0669 0.0645 0.06131 0.05747 0.05333 0.04904 0.04536 0.04181 0.03831 0.03539 0.03285 0.0309 0.02908 0.02758 0.02618 0.02498 0.02403 0.023 0.02182 0.02055 0.01897 0.01703 0.01476 0.01218 0.00949 0.00682 0.00378 0.00069 -0.00242 -0.00556 -0.00878
0.1174 0.1168 0.1159 0.1146 0.1134 0.1122 0.1109 0.1096 0.1085 0.1073 0.106 0.1048 0.1036 0.1023 0.1009 0.0994 0.0979 0.0963 0.0947 0.093 0.0915 0.09 0.0885 0.0872 0.0858 0.0845 0.0833 0.0819 0.0807 0.0795 0.0784 0.0772 0.076 0.0748 0.0737 0.0724 0.0709 0.0687 0.0654 0.06145 0.05702 0.05251 0.04862 0.04482 0.04107 0.03792 0.0352 0.03296 0.03087 0.029 0.02735 0.02584 0.02455 0.02321 0.02178 0.02031 0.01861 0.01659 0.01435 0.01184 0.00919 0.0065 0.00354 0.00061 -0.00242 -0.00555 -0.00864
0.1159 0.1156 0.1149 0.1137 0.1126 0.1116 0.1105 0.1093 0.1084 0.1072 0.1061 0.1051 0.1041 0.1028 0.1016 0.1002 0.0987 0.0972 0.0956 0.094 0.0926 0.0911 0.0899 0.0886 0.0873 0.0861 0.0851 0.0838 0.0826 0.0816 0.0806 0.0794 0.0784 0.0773 0.0763 0.0751 0.0735 0.0714 0.0682 0.0641 0.05967 0.0551 0.05115 0.04719 0.04327 0.0399 0.03705 0.03447 0.03212 0.03 0.02805 0.02637 0.02473 0.02314 0.02147 0.01981 0.01793 0.01587 0.0136 0.01114 0.00861 0.00596 0.00309 0.0002 -0.00264 -0.00573 -0.00872
0.1144 0.1144 0.1139 0.1128 0.1119 0.111 0.11 0.1089 0.1081 0.107 0.106 0.1052 0.1043 0.1033 0.1021 0.1008 0.0994 0.0979 0.0965 0.0949 0.0936 0.0922 0.0909 0.0898 0.0886 0.0875 0.0866 0.0854 0.0843 0.0834 0.0824 0.0813 0.0803 0.0793 0.0782 0.0768 0.0751 0.0728 0.0696 0.0657 0.06152 0.05703 0.053 0.04899 0.04499 0.0415 0.03843 0.03561 0.03302 0.03066 0.02847 0.02653 0.02458 0.02283 0.02097 0.01914 0.01707 0.01496 0.01269 0.01023 0.00778 0.00506 0.00226 -0.0005 -0.00322 -0.00618 -0.00906
0.1129 0.1132 0.1129 0.1121 0.1111 0.1103 0.1093 0.1083 0.1077 0.1067 0.1057 0.105 0.1043 0.1033 0.1023 0.1011 0.0996 0.0984 0.0969 0.0955 0.0942 0.0928 0.0917 0.0907 0.0896 0.0886 0.0877 0.0866 0.0856 0.0847 0.0838 0.0827 0.0816 0.0804 0.0793 0.0777 0.0758 0.0733 0.0701 0.0665 0.0624 0.0582 0.05424 0.05028 0.04624 0.04262 0.03944 0.03639 0.03357 0.03098 0.02861 0.02632 0.02416 0.02221 0.02018 0.01814 0.01603 0.01384 0.01161 0.0091 0.00659 0.00402 0.00135 -0.00133 -0.00401 -0.00676 -0.00951
0.1112 0.1119 0.1118 0.1109 0.1102 0.1095 0.1085 0.1076 0.1071 0.1061 0.1053 0.1046 0.1039 0.103 0.1021 0.101 0.0997 0.0985 0.0971 0.0958 0.0946 0.0933 0.0923 0.0915 0.0903 0.0894 0.0886 0.0875 0.0866 0.0859 0.0848 0.0838 0.0826 0.0812 0.0798 0.0781 0.076 0.0732 0.07 0.0665 0.0626 0.05869 0.05499 0.05111 0.04695 0.04336 0.04006 0.03679 0.03371 0.03088 0.02828 0.02583 0.02349 0.02133 0.01914 0.01694 0.01466 0.01235 0.01003 0.00766 0.00523 0.00278 0.00014 -0.0024 -0.00493 -0.00773 -0.01028
