MatLab_Code/pn.grd
DSAA
81 101
0 40000
0 50000
-0.2824 0.1455
[rows 60 to 89 of 101, columns 0 to 66 of 81]
0.1096 0.1104 0.1107 0.11 0.1093 0.1085 0.1076 0.1068 0.1063 0.1055 0.1046 0.1039 0.1033 0.1024 0.1015 0.1006 0.0995 0.0984 0.097 0.0959 0.0948 0.0936 0.0928 0.0919 0.0908 0.09 0.0893 0.0883 0.0873 0.0865 0.0854 0.0843 0.083 0.0815 0.0799 0.0781 0.0757 0.0728 0.0696 0.0664 0.0627 0.05887 0.0552 0.05139 0.04738 0.04372 0.04021 0.03669 0.03353 0.03047 0.02763 0.025 0.02242 0.02001 0.01766 0.01543 0.01309 0.01075 0.00849 0.00613 0.0037 0.00124 -0.00125 -0.00371 -0.00617 -0.00871 -0.01134
0.1078 0.1091 0.1094 0.1089 0.1081 0.1075 0.1068 0.1059 0.1053 0.1045 0.1036 0.103 0.1024 0.1016 0.1007 0.0998 0.0989 0.0977 0.0968 0.0957 0.0948 0.0936 0.0929 0.0921 0.0911 0.0902 0.0895 0.0886 0.0876 0.0867 0.0856 0.0846 0.083 0.0815 0.0797 0.0777 0.0752 0.0723 0.0691 0.0658 0.0623 0.0586 0.05496 0.0511 0.04721 0.04343 0.03983 0.03627 0.03293 0.02962 0.02654 0.0237 0.02107 0.01861 0.0161 0.01357 0.01122 0.00897 0.00663 0.00432 0.00192 -0.00039 -0.00297 -0.00528 -0.00771 -0.00999 -0.01244
0.1062 0.1075 0.1082 0.1075 0.1069 0.1064 0.1056 0.1048 0.1043 0.1035 0.1026 0.102 0.1014 0.1007 0.0999 0.0991 0.0981 0.0973 0.0962 0.0953 0.0944 0.0934 0.0927 0.0919 0.091 0.0903 0.0895 0.0886 0.0876 0.0868 0.0855 0.0844 0.0828 0.0813 0.0793 0.077 0.0745 0.0715 0.0683 0.0651 0.06156 0.05798 0.05449 0.05064 0.04661 0.04293 0.03919 0.03541 0.03184 0.0285 0.02537 0.02229 0.01946 0.01681 0.0142 0.01172 0.00928 0.00685 0.00452 0.00229 5e-05 -0.00235 -0.00464 -0.00687 -0.00911 -0.01155 -0.01397
0.1043 0.1061 0.1071 0.1064 0.1059 0.1053 0.1045 0.1038 0.1033 0.1025 0.1017 0.101 0.1003 0.0997 0.0989 0.0981 0.0973 0.0964 0.0955 0.0948 0.0939 0.0929 0.0923 0.0917 0.0908 0.09 0.0894 0.0884 0.0874 0.0864 0.0852 0.084 0.0824 0.0806 0.0785 0.0761 0.0735 0.0705 0.0674 0.0642 0.06073 0.05716 0.05362 0.04991 0.04576 0.04187 0.03826 0.03429 0.03069 0.02712 0.02379 0.0207 0.01778 0.01494 0.01228 0.00968 0.00723 0.00478 0.00247 0.00025 -0.00198 -0.00422 -0.00644 -0.00867 -0.0107 -0.01293 -0.01516
0.1026 0.1046 0.1055 0.1051 0.1046 0.1041 0.1034 0.1026 0.1021 0.1013 0.1004 0.0998 0.0992 0.0986 0.0977 0.097 0.0964 0.0955 0.0948 0.094 0.0932 0.0924 0.0918 0.091 0.0902 0.0895 0.0889 0.0879 0.0869 0.0859 0.0848 0.0832 0.0817 0.0797 0.0777 0.0753 0.0726 0.0696 0.0665 0.0633 0.05981 0.05611 0.05259 0.04881 0.04461 0.04069 0.03688 0.03289 0.02906 0.02548 0.02195 0.0188 0.01565 0.01274 0.01013 0.00743 0.00496 0.0026 0.00037 -0.00186 -0.00407 -0.00629 -0.00833 -0.01051 -0.01272 -0.01475 -0.01676
0.1008 0.1028 0.1041 0.1037 0.1033 0.1028 0.1021 0.1013 0.1009 0.1001 0.0992 0.0986 0.098 0.0972 0.0967 0.096 0.0952 0.0945 0.0937 0.093 0.0923 0.0914 0.0909 0.0903 0.0894 0.0888 0.0881 0.0871 0.0861 0.0851 0.0839 0.0825 0.0807 0.0787 0.0767 0.0742 0.0714 0.0684 0.0651 0.06199 0.05852 0.05486 0.05128 0.04741 0.04322 0.03914 0.0351 0.03103 0.02702 0.0234 0.01986 0.0165 0.01325 0.01041 0.00771 0.0051 0.00253 0.00011 -0.00208 -0.0043 -0.00637 -0.00855 -0.01057 -0.01256 -0.01457 -0.01669 -0.01854
0.0987 0.1012 0.1027 0.1023 0.1019 0.1014 0.1007 0.1001 0.0996 0.0988 0.098 0.0973 0.0967 0.0961 0.0954 0.0949 0.0941 0.0933 0.0927 0.092 0.0912 0.0904 0.09 0.0894 0.0886 0.088 0.0873 0.0862 0.0852 0.0842 0.0829 0.0813 0.0796 0.0776 0.0753 0.073 0.0702 0.0671 0.0639 0.06059 0.05703 0.05343 0.04975 0.04577 0.04152 0.03743 0.03323 0.02895 0.02491 0.02111 0.01746 0.0141 0.01084 0.00789 0.00507 0.00241 -9e-05 -0.0024 -0.00452 -0.00666 -0.00876 -0.01086 -0.01274 -0.01468 -0.01666 -0.01847 -0.02043
0.0968 0.0996 0.1012 0.1008 0.1004 0.1001 0.0993 0.0986 0.0982 0.0974 0.0966 0.0961 0.0955 0.0949 0.0942 0.0936 0.0929 0.0921 0.0914 0.0907 0.0901 0.0894 0.0888 0.0884 0.0876 0.0869 0.0862 0.0852 0.0841 0.0831 0.0818 0.0801 0.0784 0.0764 0.0742 0.0717 0.069 0.0659 0.0626 0.05924 0.05568 0.05196 0.04824 0.04416 0.03968 0.03547 0.03126 0.02677 0.02265 0.01882 0.01495 0.01145 0.00818 0.00517 0.00235 -0.00024 -0.00258 -0.00485 -0.00708 -0.00913 -0.01124 -0.01311 -0.01507 -0.0169 -0.0188 -0.02059 -0.02239
0.0952 0.0981 0.0999 0.0995 0.0992 0.0987 0.0981 0.0974 0.097 0.0963 0.0953 0.0949 0.0945 0.0939 0.0933 0.0926 0.0918 0.091 0.0903 0.0897 0.0891 0.0882 0.0878 0.0874 0.0866 0.0859 0.0852 0.0842 0.0831 0.082 0.0807 0.0791 0.0773 0.0752 0.073 0.0705 0.0678 0.0647 0.06146 0.05809 0.05448 0.05062 0.0468 0.04266 0.03806 0.0337 0.02938 0.02468 0.02039 0.01642 0.01263 0.00896 0.00565 0.00274 -4e-05 -0.00257 -0.00492 -0.00722 -0.00938 -0.01138 -0.01338 -0.01522 -0.0171 -0.01891 -0.02068 -0.02238 -0.02416
0.0934 0.0965 0.0984 0.0982 0.0978 0.0973 0.0966 0.096 0.0957 0.0949 0.094 0.0935 0.0931 0.0928 0.0921 0.0914 0.0905 0.0897 0.0889 0.0883 0.0877 0.0868 0.0865 0.0861 0.0853 0.0847 0.084 0.083 0.082 0.0808 0.0794 0.0777 0.0761 0.0739 0.0716 0.0691 0.0664 0.0634 0.0601 0.05673 0.053 0.04902 0.04513 0.04087 0.03615 0.03168 0.02714 0.0223 0.01787 0.01358 0.00978 0.00613 0.00277 -0.00019 -0.00285 -0.00525 -0.00753 -0.00977 -0.0118 -0.01376 -0.01577 -0.01761 -0.01929 -0.02106 -0.02283 -0.02441 -0.02609
0.0915 0.0949 0.0968 0.0966 0.0963 0.096 0.0953 0.0945 0.0941 0.0933 0.0925 0.092 0.0916 0.0912 0.0905 0.0898 0.0889 0.0881 0.0873 0.0867 0.0862 0.0854 0.0851 0.0848 0.084 0.0833 0.0827 0.0818 0.0806 0.0795 0.0781 0.0764 0.0746 0.0725 0.0702 0.0678 0.065 0.06196 0.05864 0.05526 0.0514 0.04738 0.04349 0.0391 0.03415 0.02953 0.02478 0.01979 0.01515 0.01082 0.00666 0.00297 -0.00024 -0.00319 -0.0057 -0.00805 -0.01021 -0.01231 -0.0143 -0.01618 -0.01815 -0.01999 -0.02159 -0.02335 -0.0251 -0.02656 -0.028141
0.0895 0.0932 0.0955 0.0953 0.0949 0.0946 0.0939 0.0932 0.0926 0.0918 0.0909 0.0904 0.0899 0.0894 0.0887 0.088 0.0873 0.0865 0.0858 0.0851 0.0846 0.084 0.0836 0.0833 0.0827 0.082 0.0815 0.0805 0.0794 0.0782 0.0768 0.0751 0.0732 0.0711 0.0689 0.0664 0.0636 0.06051 0.05729 0.0538 0.04988 0.04577 0.04175 0.0373 0.03227 0.02751 0.02266 0.0173 0.01255 0.00799 0.00363 4e-05 -0.00317 -0.00593 -0.00828 -0.01058 -0.01268 -0.01477 -0.01668 -0.01848 -0.02043 -0.02215 -0.02385 -0.0255 -0.02724 -0.028757 -0.030317
0.0878 0.0917 0.0942 0.094 0.0937 0.0934 0.0926 0.0919 0.0914 0.0906 0.0896 0.089 0.0884 0.0877 0.087 0.0864 0.0857 0.085 0.0844 0.0839 0.0833 0.0826 0.0824 0.0821 0.0815 0.0809 0.0804 0.0794 0.0783 0.0771 0.0757 0.074 0.0721 0.0699 0.0677 0.0652 0.0623 0.05906 0.05576 0.05232 0.04841 0.04426 0.04015 0.03564 0.03061 0.02581 0.0208 0.0153 0.01037 0.00569 0.00131 -0.00237 -0.00562 -0.00832 -0.01055 -0.01272 -0.01474 -0.01679 -0.01866 -0.02043 -0.02237 -0.02404 -0.02577 -0.02737 -0.029123 -0.030699 -0.032278
0.0863 0.0904 0.0931 0.0928 0.0926 0.0923 0.0915 0.0908 0.0903 0.0894 0.0884 0.0876 0.087 0.0862 0.0854 0.0848 0.0841 0.0834 0.0829 0.0824 0.082 0.0814 0.0811 0.0809 0.0804 0.0798 0.0793 0.0783 0.0772 0.0761 0.0746 0.0729 0.071 0.0688 0.0663 0.0639 0.06102 0.05768 0.05434 0.05092 0.04702 0.04288 0.03888 0.03429 0.0292 0.02427 0.01918 0.01365 0.00852 0.00381 -0.00094 -0.00476 -0.00766 -0.01023 -0.01244 -0.01458 -0.01657 -0.01858 -0.02046 -0.02223 -0.02404 -0.02581 -0.02758 -0.029172 -0.030927 -0.032497 -0.034087
0.0847 0.089 0.0918 0.0917 0.0914 0.091 0.0904 0.0896 0.0889 0.088 0.087 0.0863 0.0854 0.0846 0.0839 0.0832 0.0825 0.0819 0.0814 0.0809 0.0805 0.0801 0.0799 0.0796 0.0791 0.0787 0.0781 0.0771 0.0762 0.0749 0.0736 0.0719 0.0699 0.0676 0.0652 0.0625 0.05954 0.05633 0.05291 0.04938 0.04558 0.04152 0.03753 0.03296 0.02785 0.02288 0.0178 0.01226 0.00729 0.00239 -0.00225 -0.00611 -0.00911 -0.0117 -0.01405 -0.01618 -0.01818 -0.0202 -0.02219 -0.02404 -0.02582 -0.02777 -0.029422 -0.031168 -0.032945 -0.034509 -0.036095
0.083 0.0876 0.0905 0.0904 0.0904 0.09 0.0892 0.0883 0.0878 0.0868 0.0857 0.0848 0.0839 0.0831 0.0823 0.0816 0.0809 0.0803 0.0799 0.0794 0.0791 0.0786 0.0786 0.0785 0.078 0.0776 0.0771 0.0762 0.0751 0.074 0.0725 0.0709 0.069 0.0665 0.064 0.06134 0.05839 0.05512 0.05163 0.0482 0.04442 0.04028 0.03623 0.03192 0.02677 0.02192 0.01688 0.01152 0.00638 0.00169 -0.00291 -0.00663 -0.00986 -0.01262 -0.01507 -0.01733 -0.01945 -0.02156 -0.02358 -0.02544 -0.02738 -0.029389 -0.031204 -0.032987 -0.03478 -0.036541 -0.038148
0.0817 0.0865 0.0895 0.0895 0.0894 0.089 0.0883 0.0875 0.0869 0.0858 0.0847 0.0838 0.0829 0.0819 0.0811 0.0802 0.0796 0.0789 0.0786 0.0781 0.078 0.0776 0.0776 0.0776 0.0772 0.0769 0.0763 0.0755 0.0744 0.0734 0.0719 0.0702 0.0681 0.0658 0.0633 0.06061 0.05762 0.05422 0.05071 0.04727 0.04351 0.03947 0.03559 0.03124 0.02623 0.02146 0.01661 0.01111 0.00617 0.00149 -0.0029 -0.00666 -0.01011 -0.01294 -0.01555 -0.01803 -0.02035 -0.0226 -0.0247 -0.02671 -0.028742 -0.030761 -0.032593 -0.034391 -0.036375 -0.037991 -0.039975
0.0802 0.085 0.0884 0.0886 0.0883 0.088 0.0873 0.0866 0.086 0.085 0.0837 0.0827 0.0817 0.0807 0.0796 0.0789 0.078 0.0774 0.0771 0.0767 0.0766 0.0763 0.0765 0.0767 0.0764 0.0761 0.0757 0.0748 0.0739 0.0729 0.0714 0.0696 0.0676 0.0653 0.0627 0.05977 0.05682 0.05352 0.04996 0.04644 0.04276 0.03883 0.03486 0.03058 0.02576 0.02119 0.0164 0.01113 0.0064 0.00175 -0.00263 -0.00643 -0.01009 -0.0131 -0.01587 -0.01863 -0.02103 -0.02337 -0.02558 -0.02776 -0.02999 -0.03208 -0.034125 -0.03614 -0.03814 -0.039977 -0.041952
0.0788 0.0841 0.0875 0.0877 0.0875 0.0873 0.0866 0.0858 0.0851 0.0842 0.0829 0.0818 0.0808 0.0797 0.0785 0.0778 0.0769 0.0762 0.0757 0.0755 0.0755 0.0753 0.0757 0.0759 0.0757 0.0755 0.0753 0.0745 0.0735 0.0725 0.0709 0.0692 0.0672 0.0648 0.0623 0.05937 0.05637 0.05295 0.04942 0.04599 0.04232 0.03839 0.03459 0.0304 0.02559 0.02105 0.01643 0.0114 0.00668 0.00221 -0.00213 -0.00597 -0.00967 -0.01289 -0.01584 -0.01878 -0.02153 -0.02394 -0.02631 -0.028655 -0.0309 -0.033127 -0.035356 -0.037437 -0.039487 -0.041515 -0.043614
0.0775 0.0829 0.0866 0.0868 0.0868 0.0867 0.086 0.0852 0.0846 0.0835 0.0822 0.0811 0.08 0.0788 0.0776 0.0767 0.0757 0.0748 0.0744 0.0742 0.0744 0.0744 0.075 0.0755 0.0753 0.0752 0.075 0.0743 0.0734 0.0723 0.0708 0.0691 0.0671 0.0648 0.0621 0.0592 0.05614 0.05271 0.04916 0.04571 0.04204 0.03816 0.03454 0.0304 0.02564 0.02125 0.01666 0.01183 0.00715 0.00275 -0.00148 -0.00552 -0.00923 -0.01255 -0.0157 -0.01881 -0.02176 -0.02442 -0.0269 -0.02943 -0.031794 -0.034035 -0.036369 -0.038627 -0.04085 -0.043024 -0.045384
0.0763 0.0818 0.0857 0.086 0.0861 0.086 0.0853 0.0846 0.084 0.083 0.0818 0.0806 0.0793 0.0781 0.0769 0.0759 0.0748 0.0737 0.0732 0.0732 0.0735 0.0738 0.0745 0.0751 0.0751 0.0751 0.075 0.0744 0.0735 0.0724 0.0709 0.0692 0.0672 0.0647 0.0621 0.05917 0.05599 0.05256 0.04907 0.04569 0.04206 0.03825 0.03456 0.03045 0.02583 0.02147 0.01702 0.01228 0.00762 0.00342 -0.00079 -0.0049 -0.00875 -0.01227 -0.01553 -0.01879 -0.02186 -0.0246 -0.02726 -0.029977 -0.032558 -0.034932 -0.037535 -0.039915 -0.042236 -0.044666 -0.046982
0.075 0.0807 0.0848 0.0852 0.0855 0.0855 0.0848 0.0842 0.0837 0.0826 0.0813 0.0802 0.079 0.0777 0.0765 0.0753 0.0742 0.0731 0.0725 0.0726 0.0732 0.0735 0.0743 0.0751 0.0752 0.0753 0.0753 0.0747 0.0738 0.0727 0.0712 0.0695 0.0674 0.0649 0.0622 0.05926 0.05609 0.05266 0.04917 0.04585 0.04229 0.03848 0.03477 0.03074 0.02616 0.02188 0.01758 0.01285 0.00827 0.00409 -0.00019 -0.00422 -0.00816 -0.01178 -0.01524 -0.0186 -0.02179 -0.02472 -0.02756 -0.030469 -0.033213 -0.035795 -0.038435 -0.040927 -0.043472 -0.046037 -0.0486
0.0735 0.0796 0.0839 0.0845 0.0847 0.0849 0.0845 0.0839 0.0833 0.0823 0.081 0.0799 0.0788 0.0775 0.0763 0.0751 0.0739 0.073 0.0725 0.0726 0.0733 0.0737 0.0746 0.0754 0.0756 0.0757 0.0757 0.0751 0.0742 0.0732 0.0717 0.0699 0.0677 0.0653 0.0626 0.05962 0.05644 0.05301 0.04952 0.0462 0.04257 0.03877 0.03519 0.0312 0.02671 0.02245 0.01816 0.01353 0.00906 0.00477 0.00038 -0.00366 -0.00759 -0.01124 -0.01481 -0.01835 -0.02173 -0.02485 -0.02779 -0.030839 -0.033749 -0.036544 -0.039342 -0.042061 -0.044734 -0.047426 -0.0502
0.0721 0.0785 0.083 0.0837 0.0842 0.0843 0.084 0.0834 0.083 0.082 0.0809 0.0798 0.0787 0.0775 0.0764 0.0754 0.0744 0.0735 0.0731 0.0733 0.0738 0.0743 0.0752 0.0759 0.0761 0.0762 0.0762 0.0757 0.0748 0.0738 0.0723 0.0705 0.0683 0.0658 0.063 0.06007 0.0569 0.05347 0.04998 0.04659 0.04298 0.03924 0.03564 0.03165 0.02722 0.02304 0.01883 0.01421 0.00973 0.00547 0.00118 -0.00299 -0.00707 -0.01084 -0.01449 -0.01807 -0.02161 -0.02491 -0.02796 -0.031152 -0.034166 -0.037055 -0.040075 -0.042996 -0.045819 -0.04866 -0.05166
0.0707 0.0774 0.0821 0.0828 0.0834 0.0838 0.0834 0.083 0.0827 0.0818 0.0807 0.0796 0.0786 0.0776 0.0766 0.0758 0.075 0.0743 0.0741 0.0743 0.0748 0.0752 0.0758 0.0765 0.0767 0.0769 0.077 0.0765 0.0757 0.0746 0.0729 0.0712 0.069 0.0665 0.0636 0.06068 0.05751 0.05403 0.05043 0.04707 0.04351 0.03982 0.03625 0.03236 0.02787 0.0237 0.01951 0.01489 0.01041 0.00616 0.00192 -0.00229 -0.00639 -0.01037 -0.01402 -0.01776 -0.02142 -0.02483 -0.028099 -0.031542 -0.034618 -0.037623 -0.040865 -0.043955 -0.046869 -0.04995 -0.0532
0.069 0.0761 0.0811 0.0819 0.0826 0.083 0.0828 0.0826 0.0824 0.0815 0.0804 0.0795 0.0787 0.0777 0.0769 0.0762 0.0757 0.0753 0.0753 0.0755 0.0759 0.076 0.0767 0.0775 0.0777 0.0778 0.0779 0.0773 0.0765 0.0755 0.0739 0.0719 0.0697 0.0672 0.0643 0.06123 0.05815 0.05458 0.05105 0.04773 0.04417 0.04048 0.03694 0.03297 0.02866 0.02442 0.02019 0.01557 0.01125 0.007 0.0026 -0.00163 -0.00581 -0.00977 -0.01358 -0.01749 -0.02127 -0.0248 -0.028238 -0.031812 -0.035162 -0.038439 -0.041781 -0.045089 -0.04818 -0.05134 -0.0548
0.0674 0.0747 0.08 0.0808 0.0817 0.0822 0.0821 0.082 0.0819 0.0811 0.0802 0.0794 0.0789 0.0781 0.0774 0.0769 0.0764 0.0762 0.0762 0.0765 0.0768 0.077 0.0778 0.0784 0.0786 0.0787 0.0788 0.0783 0.0775 0.0764 0.0747 0.0727 0.0705 0.0679 0.065 0.0621 0.05882 0.05523 0.05173 0.04841 0.04485 0.04116 0.03763 0.03363 0.02935 0.02511 0.02104 0.01626 0.01197 0.00772 0.00328 -0.00096 -0.0052 -0.00928 -0.01314 -0.01716 -0.02108 -0.02472 -0.028377 -0.03217 -0.035635 -0.038968 -0.042481 -0.046024 -0.04935 -0.05269 -0.05623
0.0655 0.0732 0.0787 0.0797 0.0806 0.0813 0.0813 0.0813 0.0813 0.0807 0.0801 0.0794 0.0789 0.0783 0.0778 0.0776 0.0774 0.0772 0.0773 0.0775 0.0779 0.078 0.0787 0.0793 0.0795 0.0797 0.0799 0.0794 0.0786 0.0774 0.0757 0.0737 0.0713 0.0688 0.0658 0.0627 0.05955 0.05604 0.05241 0.04909 0.04553 0.04183 0.03841 0.03449 0.03008 0.02596 0.02177 0.01712 0.01285 0.0084 0.00396 -0.00027 -0.00453 -0.0087 -0.01269 -0.01681 -0.02094 -0.02469 -0.028518 -0.032555 -0.036082 -0.039578 -0.043327 -0.046927 -0.05049 -0.05425 -0.05784
0.0637 0.0719 0.0776 0.0787 0.0797 0.0805 0.0805 0.0806 0.0808 0.0804 0.0798 0.0794 0.079 0.0785 0.0782 0.078 0.078 0.078 0.0782 0.0783 0.0788 0.0789 0.0796 0.0802 0.0803 0.0804 0.0807 0.0803 0.0797 0.0783 0.0764 0.0743 0.0719 0.0693 0.0665 0.0634 0.06019 0.05661 0.05311 0.04977 0.04622 0.04254 0.039 0.03513 0.03092 0.02668 0.02246 0.01781 0.01354 0.00928 0.00465 0.0004 -0.0039 -0.00822 -0.01229 -0.01655 -0.02074 -0.02461 -0.028663 -0.032795 -0.036482 -0.040205 -0.044022 -0.04801 -0.05162 -0.05544 -0.05944
0.0619 0.0703 0.0764 0.0775 0.0787 0.0796 0.0798 0.08 0.0803 0.0799 0.0795 0.0793 0.0791 0.0787 0.0786 0.0786 0.0787 0.0787 0.0789 0.0792 0.0797 0.0799 0.0804 0.0809 0.081 0.0811 0.0812 0.0809 0.0802 0.0789 0.077 0.0748 0.0725 0.0699 0.067 0.064 0.06084 0.05732 0.05389 0.05047 0.04702 0.04341 0.03975 0.03583 0.03162 0.02738 0.02332 0.01853 0.01423 0.00997 0.00551 0.00105 -0.00338 -0.00763 -0.01176 -0.01607 -0.02059 -0.02459 -0.028783 -0.033027 -0.036888 -0.04068 -0.044875 -0.04875 -0.05275 -0.05682 -0.06103
