MatLab_Code/pn.grd
DSAA
81 101
0 40000
0 50000
-0.2824 0.1455
[rows 0 to 29 of 101, columns 0 to 66 of 81]
0.00554 0.01351 0.02239 0.02059 0.0236 0.02182 0.01972 0.0197 0.01779 0.01469 0.0132 0.00886 0.00534 0.0057 0.00105 -0.00329 -0.00223 -0.00656 -0.01073 -0.01096 -0.01449 -0.01885 -0.01982 -0.02369 -0.028129 -0.028488 -0.032322 -0.034383 -0.035559 -0.039802 -0.041885 -0.042978 -0.04591 -0.04922 -0.047794 -0.05039 -0.05345 -0.0514 -0.05377 -0.05544 -0.05397 -0.05595 -0.05665 -0.05535 -0.05577 -0.05609 -0.05419 -0.0536 -0.05452 -0.05143 -0.05052 -0.0509 -0.047736 -0.047111 -0.046691 -0.044632 -0.043595 -0.042964 -0.041589 -0.040376 -0.040002 -0.038973 -0.038194 -0.03734 -0.03667 -0.035768 -0.034779
0.02293 0.03446 0.04119 0.04078 0.04056 0.03911 0.03744 0.036 0.03418 0.03183 0.02965 0.0271 0.02452 0.0223 0.01975 0.01712 0.01448 0.01173 0.00881 0.00625 0.00315 8e-05 -0.00253 -0.00552 -0.00837 -0.01077 -0.01352 -0.01608 -0.01833 -0.02078 -0.02316 -0.0253 -0.02728 -0.029329 -0.031115 -0.032741 -0.034501 -0.035641 -0.037075 -0.038406 -0.039216 -0.040268 -0.041346 -0.041726 -0.041607 -0.041757 -0.041728 -0.041289 -0.041056 -0.040861 -0.040334 -0.039986 -0.039459 -0.039051 -0.038931 -0.03837 -0.037802 -0.037777 -0.037376 -0.036688 -0.036878 -0.036818 -0.03643 -0.03622 -0.036426 -0.03607 -0.036108
0.03867 0.04727 0.05206 0.05169 0.05102 0.04969 0.04796 0.04631 0.04445 0.04232 0.04011 0.03774 0.03528 0.0328 0.03019 0.02769 0.02485 0.02216 0.01947 0.01662 0.01391 0.01123 0.00847 0.00565 0.00301 0.00036 -0.00233 -0.00499 -0.00751 -0.00998 -0.01227 -0.0145 -0.01656 -0.01873 -0.02052 -0.02228 -0.02388 -0.02539 -0.02677 -0.028233 -0.029608 -0.030723 -0.031882 -0.032771 -0.032991 -0.033513 -0.033881 -0.033917 -0.033957 -0.034184 -0.034067 -0.034116 -0.034096 -0.034034 -0.034333 -0.034323 -0.034131 -0.034474 -0.034593 -0.034518 -0.035023 -0.035252 -0.035473 -0.03577 -0.036238 -0.036508 -0.036807
0.04878 0.05553 0.05943 0.05887 0.05791 0.05665 0.05499 0.0533 0.05156 0.04956 0.04744 0.04511 0.04266 0.04 0.03745 0.03484 0.03217 0.02949 0.02677 0.02405 0.02123 0.0186 0.01584 0.01305 0.01049 0.00789 0.0052 0.00263 4e-05 -0.00246 -0.00492 -0.00719 -0.00941 -0.01141 -0.01325 -0.01508 -0.01681 -0.01836 -0.01994 -0.02157 -0.02306 -0.02432 -0.02564 -0.0267 -0.02729 -0.028006 -0.028711 -0.028845 -0.029108 -0.029581 -0.02987 -0.030151 -0.030378 -0.030596 -0.031128 -0.031429 -0.031662 -0.032357 -0.032818 -0.033076 -0.033745 -0.034328 -0.03482 -0.035483 -0.036232 -0.036747 -0.03731
0.05683 0.0627 0.0658 0.0651 0.0641 0.0628 0.06115 0.05948 0.05786 0.05601 0.05416 0.0522 0.0497 0.04678 0.04399 0.04139 0.03879 0.03609 0.03322 0.03048 0.02769 0.02519 0.02245 0.01973 0.01714 0.0145 0.01186 0.00917 0.0066 0.00413 0.00174 -0.00056 -0.00279 -0.00487 -0.00688 -0.0088 -0.01053 -0.01208 -0.01375 -0.01564 -0.01728 -0.01876 -0.02025 -0.02137 -0.02216 -0.02319 -0.024 -0.02435 -0.02486 -0.02556 -0.02603 -0.02655 -0.02706 -0.02765 -0.028414 -0.028952 -0.02947 -0.030446 -0.031134 -0.031698 -0.032695 -0.033595 -0.034342 -0.035102 -0.036216 -0.036988 -0.037797
0.064 0.0686 0.0711 0.0704 0.0694 0.068 0.0664 0.0649 0.0634 0.06185 0.06054 0.05909 0.05638 0.053 0.04982 0.04691 0.04432 0.04165 0.03886 0.03615 0.0334 0.03082 0.02814 0.0255 0.02287 0.02031 0.01768 0.01501 0.01236 0.00985 0.00751 0.00516 0.00283 0.00061 -0.00139 -0.00324 -0.00497 -0.00651 -0.00818 -0.0102 -0.01215 -0.01384 -0.01545 -0.01678 -0.01782 -0.0189 -0.01984 -0.0205 -0.02126 -0.0221 -0.02268 -0.02343 -0.02418 -0.02501 -0.02601 -0.02683 -0.02768 -0.028798 -0.029768 -0.030547 -0.031683 -0.032864 -0.033863 -0.034868 -0.036216 -0.037232 -0.038266
0.0706 0.0743 0.0763 0.0755 0.0744 0.0731 0.0714 0.0699 0.0686 0.0673 0.0663 0.0651 0.0624 0.05872 0.05533 0.05238 0.04968 0.04699 0.04422 0.04156 0.03897 0.03632 0.03371 0.03113 0.02857 0.02602 0.02336 0.02071 0.01806 0.01555 0.01311 0.01075 0.00832 0.00609 0.00408 0.00211 0.00036 -0.00126 -0.00291 -0.00496 -0.00717 -0.00912 -0.01084 -0.01237 -0.01351 -0.01474 -0.01573 -0.01662 -0.01761 -0.01859 -0.0194 -0.0204 -0.02139 -0.02246 -0.0237 -0.02483 -0.02586 -0.02717 -0.02836 -0.029408 -0.030842 -0.032163 -0.033374 -0.034628 -0.036219 -0.037482 -0.038709
0.0767 0.0796 0.0812 0.0802 0.0792 0.0778 0.076 0.0745 0.0731 0.0718 0.0707 0.0693 0.0667 0.0633 0.06016 0.05733 0.05466 0.05207 0.04932 0.04665 0.04408 0.04152 0.03895 0.03639 0.03382 0.03126 0.0287 0.02606 0.02347 0.0209 0.01831 0.01584 0.0135 0.01119 0.00914 0.00709 0.00528 0.00345 0.00166 -0.00045 -0.00271 -0.00479 -0.00663 -0.00827 -0.00953 -0.01088 -0.01199 -0.013 -0.0141 -0.01522 -0.01639 -0.0176 -0.01874 -0.02004 -0.02152 -0.02289 -0.02417 -0.02565 -0.02711 -0.028443 -0.030031 -0.031562 -0.033011 -0.03439 -0.036098 -0.03761 -0.039171
0.0825 0.0848 0.0858 0.0848 0.0836 0.0822 0.0805 0.0789 0.0775 0.0759 0.0743 0.0726 0.0703 0.0675 0.0646 0.0621 0.05943 0.05694 0.0543 0.05173 0.04911 0.04658 0.04397 0.04149 0.03899 0.03641 0.03387 0.03128 0.02876 0.02602 0.02342 0.02097 0.01858 0.01617 0.01399 0.0118 0.00973 0.00781 0.0059 0.00371 0.00146 -0.00067 -0.00255 -0.00419 -0.00558 -0.00703 -0.00833 -0.00947 -0.01071 -0.01197 -0.01331 -0.01468 -0.01621 -0.01771 -0.01933 -0.02101 -0.02259 -0.02424 -0.02595 -0.0275 -0.029192 -0.030928 -0.032625 -0.034269 -0.03603 -0.037863 -0.039544
0.088 0.0897 0.0903 0.0891 0.0879 0.0864 0.0848 0.0831 0.0816 0.0798 0.078 0.0761 0.0738 0.0715 0.069 0.0665 0.064 0.06157 0.05888 0.05628 0.05378 0.0513 0.0488 0.04643 0.04399 0.04142 0.03894 0.03623 0.03366 0.03099 0.02848 0.0259 0.02342 0.02098 0.01858 0.01621 0.01399 0.01185 0.00971 0.00753 0.00538 0.00335 0.00144 -0.00036 -0.0018 -0.0033 -0.00469 -0.00597 -0.00731 -0.00881 -0.01029 -0.01188 -0.01374 -0.01539 -0.0173 -0.01925 -0.02109 -0.02292 -0.02478 -0.02652 -0.028393 -0.030346 -0.032291 -0.034108 -0.036191 -0.03817 -0.039945
0.0934 0.0944 0.0947 0.0934 0.0919 0.0904 0.0889 0.0872 0.0855 0.0838 0.0818 0.0799 0.0778 0.0755 0.0733 0.0709 0.0684 0.066 0.0634 0.06077 0.05848 0.05602 0.05363 0.05132 0.04886 0.04638 0.04382 0.04125 0.03863 0.03597 0.03332 0.03066 0.02817 0.02556 0.0231 0.02066 0.01825 0.01589 0.01365 0.01144 0.00932 0.00732 0.00532 0.00345 0.00186 0.00032 -0.00121 -0.00256 -0.00392 -0.00565 -0.00738 -0.00917 -0.01115 -0.0132 -0.01546 -0.01746 -0.01953 -0.0216 -0.02369 -0.02571 -0.02783 -0.029887 -0.032038 -0.034041 -0.036243 -0.038417 -0.040414
0.0985 0.0991 0.0988 0.0974 0.0959 0.0945 0.0929 0.0912 0.0895 0.0877 0.0858 0.0838 0.0818 0.0796 0.0774 0.075 0.0727 0.0702 0.0677 0.0653 0.0631 0.06075 0.05839 0.05607 0.05362 0.05117 0.04869 0.04623 0.04362 0.04095 0.03828 0.03544 0.03277 0.03028 0.02765 0.02515 0.02253 0.02008 0.01765 0.0153 0.01318 0.01108 0.00898 0.00711 0.0055 0.00379 0.0022 0.00084 -0.00068 -0.00229 -0.00429 -0.00648 -0.00869 -0.01103 -0.01354 -0.01573 -0.01804 -0.02035 -0.02257 -0.02491 -0.02733 -0.029433 -0.031787 -0.034024 -0.036431 -0.038663 -0.040875
0.103 0.103 0.1025 0.1009 0.0994 0.098 0.0963 0.0946 0.0929 0.0911 0.0891 0.0871 0.0851 0.0829 0.0807 0.0784 0.0762 0.0739 0.0715 0.0691 0.0669 0.0647 0.0623 0.05999 0.05773 0.05537 0.05292 0.05034 0.04766 0.04496 0.04228 0.03958 0.03669 0.03403 0.03136 0.02869 0.02602 0.02343 0.02098 0.01861 0.01638 0.01425 0.01211 0.01017 0.0084 0.00661 0.005 0.00363 0.00228 0.00049 -0.00176 -0.00424 -0.00684 -0.0093 -0.01185 -0.01439 -0.01685 -0.01931 -0.02175 -0.02422 -0.02668 -0.029105 -0.031554 -0.034006 -0.036459 -0.038905 -0.04135
0.108 0.1073 0.1061 0.1048 0.1032 0.1016 0.1 0.0982 0.0964 0.0946 0.0927 0.0908 0.0889 0.0867 0.0845 0.0823 0.08 0.0776 0.0754 0.0732 0.071 0.0689 0.0666 0.0644 0.0621 0.05978 0.0574 0.05493 0.05216 0.04944 0.04677 0.04389 0.04098 0.03828 0.03537 0.03252 0.02983 0.0272 0.02472 0.02227 0.01983 0.0175 0.01539 0.01338 0.01153 0.00957 0.00791 0.00636 0.00499 0.00315 0.00047 -0.00221 -0.00489 -0.00763 -0.01037 -0.01295 -0.01563 -0.01831 -0.02098 -0.02366 -0.0262 -0.028665 -0.031317 -0.033994 -0.036669 -0.039155 -0.041813
0.1127 0.1116 0.1101 0.1085 0.1069 0.1052 0.1036 0.1018 0.1001 0.0983 0.0963 0.0944 0.0923 0.0903 0.0881 0.086 0.0838 0.0816 0.0793 0.0772 0.075 0.0729 0.0707 0.0686 0.0665 0.0643 0.06177 0.05922 0.05664 0.05394 0.05124 0.04819 0.04525 0.04234 0.03925 0.03649 0.03363 0.03086 0.02812 0.02568 0.0232 0.02084 0.01862 0.01652 0.01449 0.01245 0.01044 0.00879 0.00698 0.00475 0.00227 -0.00042 -0.00317 -0.00603 -0.0088 -0.01169 -0.01452 -0.01733 -0.02009 -0.02296 -0.02571 -0.028389 -0.031262 -0.03399 -0.036698 -0.039584 -0.042284
0.1172 0.1156 0.1136 0.1119 0.1102 0.1086 0.107 0.1052 0.1034 0.1015 0.0996 0.0977 0.0957 0.0937 0.0915 0.0894 0.0872 0.085 0.0828 0.0807 0.0786 0.0765 0.0744 0.0724 0.0703 0.0682 0.0658 0.0633 0.0609 0.05809 0.05518 0.05224 0.04913 0.04612 0.04297 0.03991 0.03698 0.03407 0.0313 0.02882 0.02622 0.02378 0.02153 0.01928 0.01706 0.01479 0.01269 0.01064 0.00857 0.0063 0.00382 0.00106 -0.00184 -0.00475 -0.00764 -0.01056 -0.01361 -0.01652 -0.01936 -0.02244 -0.02528 -0.028131 -0.031066 -0.03398 -0.03692 -0.039863 -0.042745
0.1211 0.1192 0.1169 0.1151 0.1134 0.1117 0.1099 0.1081 0.1064 0.1046 0.1027 0.1007 0.0988 0.0966 0.0944 0.0923 0.0902 0.088 0.0859 0.0838 0.0819 0.0798 0.0778 0.0758 0.0738 0.0717 0.0695 0.0672 0.0647 0.06189 0.05898 0.05584 0.05269 0.04935 0.04603 0.043 0.03996 0.03701 0.03416 0.03145 0.02879 0.02631 0.02394 0.02162 0.01933 0.01692 0.01464 0.01236 0.01004 0.00755 0.00503 0.00213 -0.00077 -0.0037 -0.00663 -0.00965 -0.0128 -0.01575 -0.01882 -0.02199 -0.02495 -0.02789 -0.031035 -0.034041 -0.037153 -0.040267 -0.043218
0.1247 0.1222 0.1197 0.1178 0.1159 0.1142 0.1124 0.1106 0.1089 0.107 0.105 0.1031 0.101 0.0989 0.0968 0.0947 0.0926 0.0905 0.0883 0.0863 0.0843 0.0823 0.0804 0.0785 0.0765 0.0746 0.0726 0.0703 0.0677 0.0648 0.06184 0.05861 0.05533 0.05198 0.04863 0.04535 0.04233 0.03925 0.03629 0.03348 0.03087 0.0283 0.02588 0.02343 0.02094 0.01843 0.01606 0.01363 0.01116 0.00852 0.00593 0.00304 0.00014 -0.00283 -0.00591 -0.00901 -0.01219 -0.0152 -0.01835 -0.02158 -0.02463 -0.02771 -0.031018 -0.03418 -0.037305 -0.040503 -0.043674
0.1281 0.1253 0.1226 0.1205 0.1185 0.1167 0.1149 0.1131 0.1113 0.1094 0.1074 0.1053 0.1033 0.1013 0.0991 0.097 0.0948 0.0928 0.0906 0.0886 0.0866 0.0847 0.0827 0.081 0.0792 0.0774 0.0755 0.0733 0.0708 0.0679 0.0646 0.06136 0.05778 0.05439 0.05096 0.04763 0.04443 0.0413 0.03824 0.03543 0.03276 0.03015 0.02766 0.02507 0.02247 0.01989 0.01733 0.01486 0.01231 0.00955 0.00674 0.00384 0.00096 -0.00201 -0.00513 -0.0083 -0.01155 -0.01472 -0.0179 -0.02128 -0.02451 -0.02763 -0.031005 -0.034257 -0.037411 -0.040823 -0.044168
0.1314 0.1281 0.1251 0.1229 0.1209 0.1191 0.1172 0.1153 0.1135 0.1115 0.1095 0.1075 0.1054 0.1033 0.1011 0.0989 0.0967 0.0946 0.0925 0.0904 0.0885 0.0867 0.0848 0.0831 0.0813 0.0796 0.0778 0.0757 0.0734 0.0704 0.067 0.0635 0.05984 0.05634 0.05278 0.04935 0.04611 0.0429 0.03989 0.03711 0.03438 0.03169 0.02908 0.02644 0.02375 0.02116 0.0186 0.01593 0.01324 0.01045 0.00755 0.00462 0.00161 -0.00144 -0.00456 -0.00779 -0.01109 -0.01426 -0.01751 -0.02102 -0.02428 -0.02748 -0.030987 -0.034368 -0.037643 -0.041177 -0.044637
0.1341 0.1305 0.1271 0.1248 0.1228 0.1209 0.1189 0.1169 0.1151 0.1131 0.1112 0.1091 0.1069 0.1048 0.1026 0.1004 0.0982 0.096 0.0938 0.0917 0.0898 0.0879 0.086 0.0843 0.0825 0.0809 0.0792 0.0772 0.0749 0.0718 0.0683 0.0648 0.06114 0.05755 0.05397 0.05048 0.04729 0.044 0.04099 0.0382 0.03541 0.03266 0.03007 0.02744 0.02476 0.02208 0.01935 0.0166 0.01391 0.0111 0.00821 0.00526 0.00213 -0.001 -0.00412 -0.00733 -0.01069 -0.01399 -0.01729 -0.02079 -0.02415 -0.02746 -0.030992 -0.034482 -0.037868 -0.041539 -0.045084
0.1366 0.1326 0.129 0.1266 0.1245 0.1225 0.1205 0.1185 0.1165 0.1144 0.1124 0.1103 0.1081 0.106 0.1037 0.1014 0.099 0.0968 0.0947 0.0926 0.0906 0.0885 0.0867 0.085 0.0832 0.0815 0.0798 0.0779 0.0755 0.0724 0.0689 0.0654 0.06175 0.05817 0.05458 0.05109 0.04795 0.04476 0.04171 0.03891 0.03612 0.03332 0.03079 0.02821 0.02553 0.02284 0.01998 0.01727 0.01445 0.01155 0.00865 0.00571 0.00258 -0.00054 -0.00371 -0.00702 -0.01038 -0.01364 -0.017 -0.02067 -0.02402 -0.02743 -0.030999 -0.03469 -0.038107 -0.041865 -0.045539
0.1388 0.1345 0.1307 0.1282 0.1259 0.1238 0.1217 0.1196 0.1176 0.1154 0.1132 0.1111 0.109 0.1067 0.1044 0.102 0.0997 0.0973 0.0951 0.0929 0.0909 0.0887 0.0869 0.0851 0.0832 0.0814 0.0795 0.0775 0.0751 0.0721 0.0687 0.0652 0.06171 0.05813 0.05457 0.05122 0.04809 0.04496 0.04197 0.03927 0.03657 0.03385 0.03131 0.02873 0.02592 0.0232 0.02048 0.01764 0.01475 0.01199 0.00895 0.006 0.00288 -0.00024 -0.00345 -0.0068 -0.01016 -0.01346 -0.01681 -0.02049 -0.02393 -0.02742 -0.03114 -0.03477 -0.038316 -0.042095 -0.045849
0.1407 0.1361 0.1319 0.1295 0.1271 0.1249 0.1227 0.1206 0.1184 0.1163 0.114 0.1118 0.1094 0.1071 0.1047 0.1022 0.0998 0.0975 0.0952 0.0929 0.0906 0.0885 0.0864 0.0844 0.0825 0.0805 0.0785 0.0764 0.0738 0.0708 0.0677 0.0643 0.06076 0.05754 0.05416 0.05088 0.0479 0.04482 0.04197 0.03931 0.03663 0.03395 0.03142 0.02882 0.02611 0.02342 0.02058 0.01785 0.01497 0.01209 0.00916 0.00622 0.0031 -2e-05 -0.00322 -0.00658 -0.00993 -0.01327 -0.01671 -0.02031 -0.02387 -0.02728 -0.03116 -0.03495 -0.038538 -0.042336 -0.046264
0.1423 0.1374 0.133 0.1306 0.1281 0.1258 0.1235 0.1212 0.1189 0.1167 0.1145 0.1121 0.1097 0.1072 0.1047 0.1023 0.0998 0.0972 0.0948 0.0925 0.0901 0.0879 0.0857 0.0835 0.0813 0.0791 0.0768 0.0745 0.0719 0.069 0.0659 0.0627 0.05961 0.05647 0.05314 0.05004 0.04714 0.04428 0.0416 0.03901 0.03644 0.03386 0.03139 0.0288 0.02613 0.02346 0.02076 0.01789 0.015 0.01229 0.00937 0.00625 0.00317 0.00021 -0.00301 -0.00635 -0.0097 -0.01305 -0.01652 -0.02023 -0.02371 -0.02737 -0.031176 -0.03498 -0.038569 -0.042565 -0.046531
0.1435 0.1384 0.1339 0.1312 0.1286 0.1262 0.1239 0.1216 0.1192 0.1169 0.1146 0.1121 0.1097 0.1072 0.1045 0.1019 0.0994 0.0968 0.0943 0.0917 0.0892 0.0867 0.0843 0.082 0.0796 0.0773 0.0748 0.0724 0.0698 0.0669 0.0639 0.06093 0.05783 0.05491 0.0518 0.0489 0.04606 0.04344 0.04097 0.03851 0.03606 0.03351 0.03099 0.02853 0.02606 0.02343 0.02058 0.01788 0.01499 0.0121 0.00938 0.00625 0.00318 0.00023 -0.00297 -0.00623 -0.00957 -0.013 -0.01648 -0.02009 -0.02365 -0.0272 -0.031152 -0.03498 -0.03856 -0.04279 -0.046779
0.1443 0.1392 0.1346 0.1317 0.129 0.1266 0.1242 0.1217 0.1193 0.117 0.1144 0.1119 0.1092 0.1067 0.1041 0.1014 0.0987 0.0961 0.0933 0.0906 0.0879 0.0852 0.0826 0.08 0.0775 0.0749 0.0724 0.0698 0.0671 0.0642 0.06135 0.05846 0.05557 0.05288 0.05003 0.04735 0.04475 0.04231 0.03986 0.03744 0.03512 0.03289 0.03053 0.02808 0.02563 0.023 0.02032 0.01746 0.01475 0.01188 0.00918 0.00624 0.00318 0.00023 -0.00291 -0.00612 -0.00948 -0.01281 -0.01627 -0.02 -0.02348 -0.027 -0.030934 -0.03495 -0.038574 -0.042789 -0.046952
0.145 0.1397 0.135 0.1321 0.1293 0.1268 0.1243 0.1218 0.1192 0.1168 0.1142 0.1117 0.109 0.1063 0.1036 0.1007 0.0978 0.0949 0.0922 0.0893 0.0864 0.0837 0.081 0.0782 0.0754 0.0727 0.0699 0.0672 0.0644 0.06165 0.05882 0.05615 0.05331 0.05067 0.0482 0.04558 0.04319 0.04094 0.0386 0.03638 0.03425 0.03216 0.02995 0.02759 0.02515 0.02252 0.01986 0.01716 0.01431 0.01162 0.00893 0.00605 0.00315 0.0002 -0.0029 -0.0061 -0.00944 -0.01266 -0.01604 -0.01976 -0.02324 -0.0269 -0.030725 -0.034723 -0.03854 -0.042573 -0.046779
0.1454 0.1401 0.1352 0.1323 0.1294 0.1268 0.1242 0.1216 0.1191 0.1165 0.1139 0.1112 0.1085 0.1056 0.1027 0.0998 0.0969 0.094 0.091 0.088 0.0849 0.082 0.079 0.076 0.0731 0.0702 0.0673 0.0645 0.06163 0.05877 0.05607 0.05354 0.05095 0.04853 0.0461 0.04373 0.0414 0.03933 0.03723 0.03514 0.03308 0.03108 0.02894 0.02674 0.02442 0.02184 0.0193 0.01649 0.0138 0.01117 0.00849 0.00578 0.00294 8e-05 -0.0029 -0.00603 -0.00924 -0.01243 -0.01578 -0.01938 -0.02294 -0.02648 -0.030426 -0.034444 -0.038272 -0.042357 -0.046692
0.1455 0.1403 0.1354 0.1323 0.1294 0.1267 0.124 0.1213 0.1186 0.116 0.1134 0.1106 0.1077 0.1047 0.1018 0.0989 0.0958 0.0927 0.0896 0.0864 0.0832 0.0801 0.0769 0.0737 0.0706 0.0675 0.0644 0.06157 0.05875 0.05601 0.05334 0.05072 0.04827 0.04601 0.04369 0.04166 0.0395 0.03743 0.0355 0.03351 0.03162 0.0297 0.02758 0.02549 0.02334 0.02093 0.01834 0.01573 0.01313 0.01065 0.00804 0.00538 0.00275 4e-05 -0.00287 -0.00596 -0.00909 -0.01221 -0.01546 -0.01907 -0.02253 -0.02603 -0.029972 -0.033988 -0.037836 -0.042052 -0.046266
