MatLab_Code/pn_g_inv10_cal.grd
DSAA
81 101
0 40000
0 50000
-39.4508 22.1644
[rows 0 to 28 of 101, columns 0 to 65 of 81]
0.988938 1.42945 1.80987 2.10149 2.30933 2.44005 2.50368 2.51246 2.46395 2.35986 2.20704 2.01423 1.79931 1.56709 1.31021 1.04085 0.76637 0.476168 0.172555 -0.138486 -0.462886 -0.799361 -1.14212 -1.4911 -1.84206 -2.18925 -2.53302 -2.87326 -3.20876 -3.53753 -3.85759 -4.17302 -4.48708 -4.79382 -5.08836 -5.36996 -5.63397 -5.87721 -6.1037 -6.31603 -6.51451 -6.70092 -6.87528 -7.03642 -7.18396 -7.31539 -7.42901 -7.52734 -7.61362 -7.69208 -7.76881 -7.84626 -7.92282 -7.9972 -8.06819 -8.13566 -8.20284 -8.27356 -8.34956 -8.43226 -8.52266 -8.61948 -8.71918 -8.81806 -8.91422 -9.00958
2.45944 2.91692 3.29128 3.5628 3.74466 3.85181 3.89537 3.88536 3.82285 3.70943 3.54886 3.34923 3.1228 2.87482 2.60411 2.31819 2.02239 1.71375 1.3942 1.06662 0.728375 0.380833 0.0274698 -0.330921 -0.691512 -1.05095 -1.40889 -1.7642 -2.11504 -2.45948 -2.79588 -3.12592 -3.45109 -3.76803 -4.07352 -4.36655 -4.64438 -4.90546 -5.15228 -5.3863 -5.60762 -5.81702 -6.01407 -6.19775 -6.36782 -6.52298 -6.66218 -6.78709 -6.90075 -7.00719 -7.11129 -7.21555 -7.31977 -7.42322 -7.52458 -7.62339 -7.72189 -7.82287 -7.9277 -8.03755 -8.15327 -8.27394 -8.3967 -8.51855 -8.63781 -8.75589
3.8839 4.32712 4.68045 4.92898 5.08823 5.17612 5.20362 5.1793 5.10669 4.98687 4.81968 4.6135 4.37738 4.11655 3.83398 3.535 3.22388 2.90204 2.57092 2.23141 1.88284 1.52647 1.16432 0.797828 0.429012 0.0595658 -0.309893 -0.677738 -1.04179 -1.39999 -1.75081 -2.09432 -2.4308 -2.7585 -3.07549 -3.3807 -3.67279 -3.95137 -4.21794 -4.47317 -4.71676 -4.94861 -5.16809 -5.37438 -5.56745 -5.74683 -5.91192 -6.06375 -6.20523 -6.34019 -6.4725 -6.60465 -6.73747 -6.87069 -7.00298 -7.13368 -7.2642 -7.39651 -7.53154 -7.67015 -7.81312 -7.95982 -8.10803 -8.25523 -8.39982 -8.54266
5.22405 5.63504 5.95813 6.18181 6.32073 6.39205 6.40589 6.37011 6.2889 6.16305 5.99211 5.78173 5.53811 5.26682 4.97358 4.66413 4.34266 4.0117 3.67219 3.32422 2.96779 2.60402 2.23446 1.86092 1.48503 1.10764 0.72925 0.351468 -0.0234406 -0.393241 -0.756314 -1.11192 -1.45967 -1.79852 -2.12729 -2.44511 -2.75141 -3.0465 -3.33155 -3.60681 -3.87144 -4.12453 -4.3653 -4.59322 -4.80849 -5.01119 -5.20102 -5.37873 -5.54705 -5.7095 -5.8693 -6.02892 -6.18977 -6.35191 -6.51408 -6.67544 -6.83682 -6.99952 -7.1641 -7.33117 -7.50142 -7.67451 -7.84869 -8.02182 -8.1922 -8.36022
6.47447 6.84881 7.13977 7.33844 7.45801 7.51393 7.51543 7.46985 7.38136 7.25124 7.07959 6.868 6.619 6.33868 6.03557 5.71726 5.38825 5.05074 4.70503 4.35081 3.98806 3.61795 3.24222 2.86291 2.48132 2.09776 1.71243 1.32672 0.942939 0.563475 0.190051 -0.176314 -0.53496 -0.885035 -1.2257 -1.55626 -1.87653 -2.18724 -2.48966 -2.78394 -3.0687 -3.34226 -3.6035 -3.85208 -4.08852 -4.31333 -4.52657 -4.72906 -4.92324 -5.1122 -5.29876 -5.48536 -5.67369 -5.86402 -6.05515 -6.24604 -6.43703 -6.62896 -6.82212 -7.017 -7.21422 -7.41363 -7.61387 -7.81311 -8.00958 -8.20309
7.64702 7.98361 8.24195 8.41543 8.51582 8.5567 8.54644 8.49196 8.39743 8.26476 8.09377 7.88239 7.62967 7.34204 7.03075 6.70538 6.37084 6.02882 5.67898 5.32051 4.95305 4.57792 4.19748 3.81404 3.42855 3.04068 2.65019 2.25826 1.86723 1.47963 1.09729 0.721296 0.352404 -0.00857004 -0.360909 -0.704064 -1.038 -1.36363 -1.68247 -1.99477 -2.29881 -2.59218 -2.87329 -3.1418 -3.3985 -3.64435 -3.87992 -4.10628 -4.32559 -4.54045 -4.75333 -4.96664 -5.18218 -5.40031 -5.61986 -5.83961 -6.05945 -6.27986 -6.50103 -6.72336 -6.94744 -7.17324 -7.39974 -7.6254 -7.84844 -8.06809
8.75088 9.0497 9.27545 9.42355 9.50468 9.53068 9.50891 9.44573 9.34523 9.20946 9.0377 8.82586 8.57108 8.27966 7.96402 7.63473 7.29699 6.95235 6.60018 6.23919 5.86865 5.48998 5.1062 4.7201 4.33235 3.94197 3.54808 3.15153 2.75461 2.35997 1.96962 1.58482 1.20635 0.834912 0.471096 0.115355 -0.23225 -0.572562 -0.907109 -1.2363 -1.55835 -1.87043 -2.17051 -2.45815 -2.73431 -3.00034 -3.25734 -3.50666 -3.7503 -3.99045 -4.22928 -4.46907 -4.71152 -4.95703 -5.20449 -5.45253 -5.70065 -5.94901 -6.19776 -6.44728 -6.69807 -6.95018 -7.20291 -7.45504 -7.70488 -7.95103
9.79413 10.0564 10.2501 10.3725 10.4339 10.4449 10.4118 10.3396 10.2319 10.0906 9.91477 9.70071 9.44559 9.15487 8.83983 8.51046 8.17206 7.82652 7.47333 7.11108 6.73887 6.3581 5.97223 5.58455 5.19571 4.80419 4.4084 4.00866 3.60707 3.20636 2.8088 2.41586 2.0283 1.64661 1.2712 0.902527 0.54086 0.185723 -0.164103 -0.509017 -0.847432 -1.17657 -1.49431 -1.80011 -2.09496 -2.38044 -2.65805 -2.9294 -3.19644 -3.46116 -3.7255 -3.99143 -4.26046 -4.53291 -4.80775 -5.08352 -5.35939 -5.63527 -5.91126 -6.1877 -6.46502 -6.74332 -7.02214 -7.30062 -7.57712 -7.84979
10.7828 11.0101 11.1724 11.2689 11.3099 11.306 11.2619 11.1807 11.0648 10.9159 10.7337 10.5162 10.2619 9.97493 9.66396 9.33728 9.00012 8.65488 8.30155 7.93899 7.56641 7.18505 6.79844 6.41011 6.02087 5.62891 5.23211 4.83023 4.42508 4.0194 3.61558 3.21516 2.81881 2.42682 2.03951 1.65746 1.28131 0.911148 0.546346 0.186721 -0.166477 -0.511013 -0.845059 -1.16805 -1.48085 -1.78511 -2.08254 -2.37494 -2.66438 -2.95284 -3.24207 -3.5337 -3.82891 -4.12786 -4.42952 -4.73235 -5.03532 -5.33815 -5.64092 -5.94393 -6.24748 -6.55169 -6.85628 -7.16063 -7.46325 -7.76187
11.7234 11.917 12.0489 12.1195 12.1394 12.1205 12.0658 11.9754 11.851 11.6941 11.5053 11.2844 11.0311 10.7484 10.4423 10.1193 9.78412 9.43974 9.08676 8.7247 8.35299 7.9726 7.58667 7.19862 6.80933 6.41705 6.01947 5.61601 5.20823 4.79873 4.38973 3.98258 3.5778 3.17564 2.77641 2.38091 1.9902 1.60504 1.22554 0.851876 0.4849 0.12605 -0.223371 -0.562797 -0.892906 -1.21527 -1.53168 -1.8441 -2.15487 -2.46615 -2.77958 -3.09641 -3.41738 -3.74235 -4.07018 -4.39927 -4.72852 -5.05764 -5.38667 -5.71586 -6.04535 -6.37512 -6.70502 -7.03462 -7.36256 -7.68638
12.6195 12.781 12.8838 12.9299 12.9296 12.8953 12.8288 12.7284 12.5953 12.4311 12.2367 12.0128 11.76 11.4805 11.1785 10.8588 10.5258 10.1826 9.83043 9.46956 9.09972 8.72148 8.33735 7.95033 7.56123 7.1685 6.76996 6.365 5.9551 5.54266 5.12948 4.71649 4.30403 3.89231 3.48166 3.0731 2.66815 2.26827 1.87431 1.4868 1.10625 0.733375 0.368999 0.0136457 -0.3332 -0.672974 -1.00743 -1.33873 -1.66962 -2.00268 -2.33958 -2.68105 -3.0272 -3.37748 -3.73055 -4.08484 -4.43936 -4.79387 -5.14845 -5.50324 -5.8581 -6.21281 -6.56724 -6.92118 -7.27344 -7.62146
13.4741 13.6049 13.6802 13.7036 13.6853 13.6349 13.5544 13.4427 13.3006 13.1293 12.9297 12.703 12.4501 12.1724 11.8732 11.5563 11.2255 10.8838 10.533 10.1738 9.80626 9.43071 9.04903 8.66365 8.27517 7.88205 7.48232 7.07563 6.66361 6.2486 5.83203 5.41424 4.99521 4.57493 4.15373 3.73283 3.31426 2.90018 2.49205 2.09064 1.69627 1.30924 0.930083 0.559227 0.196179 -0.160362 -0.512029 -0.86114 -1.211 -1.56481 -1.9243 -2.28961 -2.66005 -3.03456 -3.41165 -3.7899 -4.16848 -4.5473 -4.92649 -5.30602 -5.68541 -6.06422 -6.4423 -6.81964 -7.19524 -7.56661
14.2898 14.3907 14.4395 14.4416 14.4057 14.339 14.2437 14.12 13.9684 13.7898 13.5851 13.3555 13.1016 12.8248 12.5274 12.2128 11.884 11.544 11.1948 10.8374 10.4722 10.0993 9.72031 9.33702 8.94962 8.5564 8.15552 7.74697 7.3327 6.91518 6.49559 6.07375 5.64913 5.22138 4.79063 4.35829 3.92689 3.49921 3.07725 2.66196 2.25358 1.85232 1.45858 1.07262 0.693808 0.320966 -0.0474071 -0.413764 -0.781892 -1.15551 -1.53641 -1.92417 -2.31739 -2.71454 -3.11413 -3.51489 -3.91617 -4.31798 -4.72046 -5.12344 -5.52622 -5.92811 -6.3289 -6.72866 -7.12669 -7.5205
15.0702 15.1417 15.1645 15.1454 15.0916 15.0086 14.8987 14.7627 14.6013 14.4151 14.2049 13.9718 13.7164 13.4397 13.1434 12.8304 12.5033 12.1647 11.8169 11.461 11.0977 10.7271 10.3506 9.96938 9.58316 9.19009 8.78845 8.3785 7.96237 7.54247 7.11985 6.69414 6.2645 5.83017 5.39101 4.94836 4.50493 4.06404 3.62848 3.19953 2.7774 2.3622 1.95427 1.55358 1.15936 0.770449 0.385423 0.0017677 -0.384444 -0.777031 -1.17771 -1.58585 -1.99972 -2.4176 -2.83797 -3.25972 -3.68224 -4.10555 -4.52982 -4.95484 -5.37978 -5.80378 -6.22644 -6.64786 -7.06745 -7.48289
15.814 15.8573 15.8547 15.8142 15.7423 15.6433 15.5192 15.371 15.1995 15.0053 14.7891 14.5519 14.2942 14.0167 13.7208 13.4086 13.0826 12.7449 12.398 12.0432 11.6811 11.3123 10.9376 10.5577 10.1722 9.77933 9.37749 8.96711 8.55002 8.12817 7.70251 7.27285 6.83835 6.39811 5.95173 5.5001 5.04541 4.59152 4.14251 3.70035 3.26518 2.83689 2.41549 2.00066 1.59148 1.18682 0.785199 0.384167 -0.0199035 -0.430422 -0.848969 -1.27508 -1.70721 -2.14369 -2.58301 -3.02406 -3.46619 -3.90935 -4.35374 -4.79924 -5.24503 -5.69009 -6.1338 -6.57605 -7.01635 -7.4524
16.5185 16.5348 16.5074 16.4457 16.3558 16.2409 16.1028 15.9424 15.7606 15.558 15.3352 15.0932 14.8324 14.553 14.2563 13.9441 13.6183 13.281 12.9343 12.58 12.2187 11.8508 11.4768 11.0972 10.7115 10.3185 9.91695 9.50699 9.08972 8.66643 8.238 7.80449 7.36532 6.91969 6.46731 6.00833 5.5434 5.07682 4.61477 4.16016 3.71303 3.27285 2.83913 2.41116 1.98794 1.56831 1.15079 0.733011 0.31193 -0.115181 -0.54972 -0.99161 -1.43978 -1.89277 -2.34915 -2.80774 -3.26773 -3.72898 -4.19176 -4.65611 -5.12134 -5.58636 -6.05023 -6.51256 -6.97269 -7.42835
17.1811 17.1713 17.12 17.0375 16.9297 16.799 16.6468 16.4742 16.2819 16.0706 15.8407 15.5931 15.3281 15.0459 14.7473 14.4339 14.1074 13.7696 13.4226 13.068 12.7067 12.3386 11.9641 11.5835 11.1967 10.8031 10.4019 9.99262 9.5754 9.15093 8.72004 8.28302 7.83951 7.38902 6.93156 6.4667 5.99294 5.51483 5.04108 4.57538 4.11767 3.66703 3.22242 2.78272 2.34682 1.91363 1.48162 1.0486 0.612077 0.16999 -0.278825 -0.734611 -1.1968 -1.6643 -2.13583 -2.61011 -3.08615 -3.56367 -4.04303 -4.52447 -5.00753 -5.49116 -5.97414 -6.45563 -6.93471 -7.409
17.8019 17.7668 17.6922 17.5894 17.4637 17.3173 17.151 16.966 16.7629 16.5423 16.3046 16.0508 15.7809 15.4949 15.1933 14.8775 14.5491 14.2097 13.8613 13.5055 13.1429 12.7735 12.3973 12.0146 11.6257 11.2309 10.8296 10.4207 10.0034 9.57777 9.14453 8.70424 8.2568 7.80186 7.33939 6.86865 6.38787 5.9017 5.41929 4.9448 4.47836 4.01885 3.56488 3.11505 2.66815 2.22312 1.77848 1.3322 0.882177 0.4269 -0.0345297 -0.502506 -0.976886 -1.45701 -1.9418 -2.42996 -2.92029 -3.41237 -3.90656 -4.40335 -4.90256 -5.40328 -5.90414 -6.40387 -6.90114 -7.39336
18.3815 18.3217 18.2244 18.1015 17.9583 17.7962 17.6159 17.4183 17.2042 16.9739 16.7281 16.4674 16.1918 15.9009 15.5951 15.2753 14.9434 14.6012 14.2502 13.8919 13.5267 13.1546 12.7754 12.3894 11.9975 11.6005 11.1983 10.7893 10.3716 9.94471 9.50915 9.0658 8.61483 8.15583 7.68834 7.2118 6.72615 6.23599 5.74873 5.26841 4.79545 4.32885 3.86723 3.40904 2.95299 2.498 2.04265 1.58512 1.12365 0.657108 0.184816 -0.293672 -0.77852 -1.26944 -1.76562 -2.26579 -2.76865 -3.27359 -3.78093 -4.29129 -4.80482 -5.32088 -5.83813 -6.35499 -6.86975 -7.37942
18.9192 18.8354 18.7157 18.5732 18.4129 18.2353 18.0408 17.8305 17.6051 17.365 17.1109 16.8429 16.5606 16.2638 15.9522 15.627 15.2899 14.9432 14.5885 14.2264 13.8571 13.4808 13.0971 12.7064 12.3102 11.9098 11.5054 11.0953 10.677 10.2489 9.81138 9.36551 8.91173 8.4495 7.97814 7.49766 7.00959 6.51826 6.02929 5.54605 5.06903 4.59748 4.13024 3.66576 3.20258 2.73954 2.27536 1.8085 1.33761 0.861793 0.380495 -0.106795 -0.600445 -1.10042 -1.60612 -2.11645 -2.63006 -3.14621 -3.66506 -4.18726 -4.71323 -5.24273 -5.77466 -6.30742 -6.83897 -7.36577
19.4132 19.3062 19.165 19.0034 18.8262 18.6333 18.4247 18.2016 17.9648 17.7148 17.452 17.1761 16.8864 16.5824 16.2639 15.9318 15.588 15.2352 14.8751 14.5078 14.133 13.751 13.3616 12.9649 12.5628 12.1571 11.7489 11.3364 10.9168 10.4878 10.049 9.60167 9.14631 8.68235 8.20923 7.72755 7.23959 6.74927 6.26101 5.77744 5.29892 4.82491 4.35444 3.8859 3.41763 2.94847 2.47737 2.00316 1.52484 1.04176 0.553372 0.0590814 -0.441616 -0.948842 -1.46222 -1.98082 -2.50339 -3.02905 -3.55776 -4.09005 -4.62654 -5.1674 -5.71202 -6.25907 -6.80639 -7.34987
19.8638 19.735 19.5732 19.3931 19.1991 18.9907 18.7682 18.5324 18.2841 18.0237 17.7515 17.4671 17.1694 16.8573 16.5307 16.1903 15.8385 15.4779 15.1105 14.7364 14.3551 13.9665 13.5702 13.1663 12.7566 12.3436 11.9291 11.5125 11.091 10.6613 10.2224 9.775 9.31958 8.8558 8.38334 7.90319 7.41779 6.93059 6.44518 5.96365 5.4862 5.0123 4.54098 4.0705 3.59913 3.12584 2.64984 2.17032 1.6866 1.19821 0.704616 0.205138 -0.300811 -0.813484 -1.33272 -1.8578 -2.38757 -2.92107 -3.45804 -3.99881 -4.544 -5.09417 -5.64932 -6.20875 -6.77048 -7.33
20.2714 20.122 19.9407 19.7429 19.5325 19.309 19.0726 18.8242 18.5644 18.2934 18.0113 17.7177 17.411 17.0901 16.7544 16.405 16.044 15.6744 15.2981 14.9157 14.5268 14.1307 13.7265 13.3142 12.8953 12.4728 12.0497 11.6269 11.2028 10.7731 10.335 9.88861 9.43464 8.97296 8.50346 8.02725 7.54663 7.06459 6.5841 6.10679 5.63273 5.16127 4.69124 4.22079 3.74829 3.27292 2.79417 2.31148 1.82442 1.33268 0.83573 0.332847 -0.17658 -0.692912 -1.21621 -1.74598 -2.28119 -2.82087 -3.36452 -3.91221 -4.46438 -5.02184 -5.58526 -6.15483 -6.72921 -7.30371
20.6365 20.4678 20.2682 20.0537 19.8277 19.5893 19.3393 19.0783 18.807 18.5255 18.2335 17.93 17.6137 17.2832 16.9379 16.5789 16.2081 15.8284 15.4421 15.0502 14.6526 14.2481 13.8352 13.4134 12.9842 12.5511 12.1176 11.687 11.2596 10.8294 10.3922 9.94762 9.4963 9.03832 8.57365 8.10334 7.62944 7.15447 6.68077 6.20958 5.74084 5.27377 4.80695 4.33844 3.86681 3.39148 2.91209 2.42832 1.93999 1.44688 0.94843 0.443886 -0.0673315 -0.585633 -1.11127 -1.64399 -2.18294 -2.72716 -3.27599 -3.82911 -4.38672 -4.94965 -5.51923 -6.0967 -6.68169 -7.2697
20.959 20.7728 20.5562 20.3259 20.085 19.8326 19.5694 19.2961 19.0135 18.7215 18.4194 18.1059 17.7798 17.4395 17.0846 16.7156 16.3346 15.9441 15.547 15.1446 14.7372 14.3235 13.9013 13.4696 13.0299 12.586 12.1424 11.7037 11.2713 10.8389 10.4016 9.95863 9.51055 9.05733 8.59883 8.1359 7.67027 7.20389 6.73848 6.27491 5.81306 5.35202 4.89008 4.42533 3.95654 3.48324 3.00521 2.52235 2.03474 1.54224 1.04422 0.539836 0.0285268 -0.490108 -1.01643 -1.55038 -2.09131 -2.63835 -3.19074 -3.74783 -4.30943 -4.87626 -5.45015 -6.03337 -6.6267 -7.22608
21.2393 21.038 20.8062 20.561 20.3059 20.0402 19.7646 19.4796 19.1859 18.8835 18.5712 18.2478 17.912 17.5623 17.1978 16.8188 16.4271 16.0256 15.6169 15.2034 14.7855 14.362 13.9302 13.4886 13.0385 12.5845 12.1319 11.6856 11.2464 10.8095 10.3707 9.92892 9.48419 9.03626 8.58482 8.13034 7.67402 7.21722 6.76105 6.30615 5.85243 5.39876 4.94316 4.48373 4.01943 3.54992 3.07505 2.59496 2.10998 1.62007 1.12447 0.622178 0.112545 -0.404813 -0.93025 -1.46377 -2.0049 -2.55294 -3.10718 -3.66676 -4.2311 -4.80066 -5.37748 -5.96464 -6.56391 -7.17199
21.4788 21.2646 21.0194 20.7608 20.4927 20.2147 19.9274 19.6313 19.327 19.0144 18.6922 18.359 18.0137 17.6548 17.2809 16.892 16.4897 16.0768 15.6565 15.2313 14.8027 14.3693 13.9279 13.4763 13.0159 12.552 12.0907 11.6365 11.19 10.7478 10.3068 9.86586 9.42442 8.98202 8.5381 8.09259 7.64607 7.19925 6.75278 6.30719 5.86242 5.41708 4.96887 4.51593 4.05745 3.59316 3.12308 2.64753 2.16706 1.68168 1.19051 0.692319 0.186257 -0.328099 -0.851012 -1.3824 -1.92187 -2.46897 -3.02324 -3.5838 -4.14973 -4.72112 -5.29986 -5.88939 -6.49222 -7.10591
21.6796 21.4543 21.1976 20.9272 20.6476 20.3584 20.0601 19.7536 19.4394 19.1172 18.7856 18.4431 18.0886 17.7205 17.3376 16.9392 16.5265 16.1025 15.6705 15.2338 14.7943 14.3509 13.8997 13.438 12.9672 12.4931 12.0225 11.5601 11.1066 10.6596 10.2168 9.77667 9.33854 8.9017 8.4653 8.02876 7.59198 7.15511 6.71844 6.28242 5.84687 5.41016 4.96985 4.52422 4.07263 3.61489 3.15109 2.68178 2.20762 1.72864 1.24381 0.751677 0.251142 -0.258346 -0.776963 -1.30447 -1.84046 -2.38476 -2.93729 -3.49734 -4.06381 -4.6363 -5.21626 -5.80692 -6.41113 -7.0274
21.8427 21.6084 21.3419 21.0616 20.7719 20.4726 20.1646 19.8487 19.5255 19.1945 18.8542 18.5029 18.1395 17.7626 17.3711 16.9641 16.542 16.1073 15.6639 15.2157 14.7653 14.3115 13.8502 13.3782 12.8969 12.4122 11.932 11.4616 11.002 10.5512 10.1071 9.6681 9.23331 8.80185 8.37262 7.94457 7.51703 7.08967 6.66253 6.23587 5.80925 5.38089 4.94853 4.51072 4.06693 3.61694 3.16092 2.69954 2.23349 1.76271 1.28603 0.801823 0.308778 -0.193855 -0.70625 -1.22804 -1.75879 -2.29855 -2.84764 -3.40568 -3.97153 -4.54433 -5.12483 -5.71558 -6.31931 -6.93529
