MatLab_Code/pn_g_inv10_g_res.grd
DSAA
81 101
0 40000
0 50000
-0.00267852 0.00661681
[rows 25 to 49 of 101, columns 0 to 55 of 81]
5.3262e-05 0.00038796 8.25368e-05 0.000583682 0.000475563 0.000454292 0.000632853 0.000711217 0.000687987 0.000717528 0.000756125 0.000786304 0.000833605 0.000904916 0.000740418 0.000742951 0.000863913 0.000834287 0.000850434 0.000833905 0.000815321 0.00080709 0.000853708 0.000798038 0.00085487 0.00083088 0.000797366 0.000802322 0.000821379 0.00080777 0.000793968 0.000792482 0.000778841 0.000815145 0.000745744 0.000723788 0.000713223 0.000714709 0.00075356 0.000760647 0.000750655 0.000706331 0.000675944 0.000689352 0.00072555 0.000724676 0.000713637 0.000701042 0.000668382 0.000688365 0.000717494 0.000663886 0.000622982 0.00068945 0.000710336 0.000674915
-2.73212e-05 0.000400271 0.000169161 0.000511273 0.000484489 0.000561832 0.000642207 0.000647559 0.000674884 0.000789765 0.0007315 0.000726867 0.000640087 0.000741456 0.000783423 0.000792269 0.000804865 0.000807147 0.000843862 0.000769553 0.000810461 0.000725015 0.000719129 0.000718648 0.000754148 0.000728007 0.000740486 0.00077815 0.000836316 0.000727777 0.000765301 0.000743284 0.000692736 0.000736582 0.000740855 0.000732532 0.000739702 0.000756266 0.000723443 0.00066796 0.00067611 0.000712154 0.000693984 0.000672039 0.000684716 0.000688673 0.000674443 0.000708296 0.00066363 0.000659904 0.000716619 0.000675907 0.000645927 0.000669997 0.000681594 0.000634707
-1.56264e-05 0.000302361 4.5405e-05 0.000583801 0.000497332 0.000531836 0.000686217 0.000699586 0.000654355 0.000766508 0.000708383 0.000785774 0.000840837 0.000797457 0.000921878 0.000822351 0.0007693 0.000730954 0.000828062 0.000812511 0.000775048 0.000907677 0.000878819 0.000880511 0.000851178 0.000834071 0.000845213 0.000801709 0.000824383 0.000781474 0.000817202 0.000820545 0.000745929 0.000757369 0.000786454 0.00074362 0.000736868 0.000779035 0.000733321 0.000681627 0.000706986 0.000763524 0.000762771 0.00072557 0.000697708 0.000664635 0.000708128 0.000708961 0.000688225 0.000690237 0.000726416 0.000715631 0.000680094 0.000698361 0.000712605 0.000670966
-3.70987e-05 0.000307647 -2.4622e-05 0.00054967 0.000444374 0.00050593 0.000625196 0.000616929 0.00072794 0.000745046 0.000748355 0.000791455 0.000848023 0.000804342 0.000750356 0.000801772 0.000828209 0.000876686 0.000860909 0.000855232 0.000801266 0.000868383 0.000854171 0.000783389 0.000845755 0.000871813 0.000852892 0.000878557 0.00082562 0.000772463 0.000794713 0.00085688 0.000833685 0.00083348 0.000829541 0.000786809 0.000746886 0.000788004 0.000797816 0.000771399 0.000767065 0.000775835 0.000734545 0.000738746 0.000752175 0.000741776 0.000745947 0.00072984 0.000678717 0.000703756 0.000704806 0.000674009 0.000674483 0.00068564 0.000682515 0.00063721
-0.000143398 0.000370443 3.71364e-06 0.000471909 0.00048242 0.00051303 0.000557467 0.000677335 0.000658508 0.000729993 0.000756923 0.000749744 0.00079477 0.000708625 0.000790547 0.000880275 0.000845106 0.000836001 0.000862252 0.000852876 0.000815717 0.000865871 0.000805105 0.000806834 0.000874137 0.000810496 0.00077883 0.000790934 0.000866874 0.00083926 0.000835636 0.000821471 0.000790632 0.00079677 0.00077612 0.000812056 0.000791184 0.000775932 0.000781719 0.000761032 0.000767896 0.000775223 0.000711278 0.000714685 0.000771472 0.000763491 0.000748789 0.00071632 0.000713233 0.000739172 0.000733297 0.00070102 0.000706992 0.000728663 0.000734834 0.000693665
-7.27358e-05 0.000330929 -2.31591e-05 0.000571845 0.000499156 0.00051158 0.000668898 0.000767879 0.000667266 0.0006837 0.000816586 0.000787457 0.0007639 0.00090076 0.000827498 0.000893226 0.000794256 0.000807635 0.00086577 0.000851847 0.000804563 0.000911777 0.000863061 0.000844616 0.000927488 0.00086429 0.000801337 0.000871234 0.000872986 0.000880827 0.000865417 0.000836875 0.000810884 0.000826059 0.000812429 0.000809461 0.000802598 0.000808175 0.000793741 0.000746121 0.000756349 0.000802023 0.000763703 0.000740616 0.000743655 0.000732939 0.000722026 0.000728915 0.000730087 0.000748276 0.000722733 0.000694957 0.000687439 0.000699554 0.00070487 0.000669949
-0.00015438 0.000288431 -6.24661e-05 0.000450525 0.000472108 0.000394869 0.00062621 0.000620116 0.000641009 0.000794525 0.000758974 0.000813503 0.000752882 0.000836119 0.000820264 0.000841703 0.000793101 0.000806814 0.000936962 0.00085765 0.000782094 0.000904846 0.000922671 0.000777104 0.000903111 0.000881937 0.000863369 0.000864121 0.000854388 0.000832764 0.000795693 0.000826037 0.000821264 0.000851363 0.000853057 0.000802004 0.000771373 0.000816869 0.000796202 0.000751295 0.000752729 0.000797199 0.000765652 0.00072878 0.000759338 0.000747096 0.000728977 0.000746778 0.000748813 0.000737375 0.000720622 0.000716866 0.000721514 0.000695566 0.000721435 0.000719481
-0.000115838 0.000330894 -2.53899e-05 0.000502067 0.000516231 0.000491963 0.000683348 0.000667617 0.000738581 0.000714878 0.000701219 0.000852864 0.000818638 0.000826976 0.000769188 0.000960873 0.000826944 0.000875554 0.000929076 0.000888505 0.000804167 0.000907157 0.000915905 0.000785741 0.000834425 0.000947674 0.000826769 0.000872814 0.000920698 0.000825735 0.000861341 0.000884525 0.000850487 0.000826525 0.00086 0.000827131 0.000795957 0.000829714 0.000846727 0.000814048 0.000810635 0.000824099 0.000760033 0.000755042 0.000826067 0.000790526 0.000741112 0.000754217 0.000753512 0.000732299 0.00071819 0.0007271 0.000728012 0.000705748 0.000704106 0.00068711
-0.000139669 0.000307865 -3.80558e-05 0.000521262 0.000485251 0.000511516 0.000618615 0.000644314 0.000749803 0.000782191 0.000793666 0.000761408 0.000830031 0.000865095 0.000799725 0.000894827 0.000857329 0.000888498 0.000885417 0.000887447 0.000829445 0.000977573 0.00093142 0.000903002 0.00090124 0.000983836 0.000875724 0.000863371 0.000971513 0.000931346 0.000918761 0.000897784 0.000873404 0.00087238 0.000897065 0.000863721 0.000820251 0.000857586 0.000847747 0.000815943 0.000828722 0.000838758 0.000775993 0.000789778 0.000845558 0.000770774 0.000735578 0.000777375 0.00079717 0.00075854 0.000767242 0.000759353 0.000760263 0.000756186 0.000743118 0.00071899
-0.000125998 0.000372647 -5.98434e-05 0.000543863 0.000463591 0.000453989 0.000619481 0.000758699 0.00057678 0.000827227 0.000844879 0.00070636 0.000852506 0.000875802 0.000878216 0.000810717 0.000864841 0.000882717 0.000913548 0.00086028 0.000868582 0.000960459 0.000886769 0.000829089 0.000926319 0.000897108 0.000909926 0.00089698 0.000847908 0.000885891 0.000879222 0.000864926 0.000855645 0.000879383 0.000893298 0.000862068 0.000836632 0.000851831 0.000807647 0.000760003 0.000796049 0.000826394 0.000781961 0.000786019 0.000806377 0.00076198 0.000753709 0.000800211 0.000758918 0.00075385 0.000729061 0.000722355 0.000699727 0.000731687 0.000702284 0.000672809
-5.81491e-05 0.000280333 -7.0298e-05 0.000556721 0.000517499 0.000573234 0.00072908 0.000752732 0.000656554 0.000688476 0.000871972 0.00087531 0.000786592 0.000894732 0.000888378 0.000900513 0.000904413 0.000864864 0.000913481 0.000950391 0.000840251 0.000973295 0.000901386 0.000788703 0.000967156 0.000959726 0.000847933 0.000848019 0.000906955 0.000917748 0.000929267 0.000900262 0.000873138 0.000859205 0.000865784 0.000867031 0.000832611 0.000861545 0.000864169 0.000824957 0.00083667 0.00084121 0.000798222 0.00078877 0.000825452 0.000802055 0.000784019 0.000793319 0.000796702 0.000739858 0.000812759 0.000735933 0.000753585 0.000741774 0.000774402 0.000720727
-0.000151392 0.000421133 0.000140894 0.000572091 0.000467737 0.00052913 0.000556478 0.000726544 0.000765923 0.000770286 0.000847068 0.000799958 0.000829308 0.000811079 0.000906725 0.000830402 0.000947348 0.000890998 0.000847966 0.000863122 0.000926798 0.000980105 0.000937184 0.000939255 0.000997541 0.000976128 0.000912438 0.000964665 0.000913595 0.000947388 0.000940301 0.000922746 0.000908144 0.000895545 0.000894548 0.000889471 0.000850717 0.000871556 0.000910423 0.000872713 0.00084482 0.000837339 0.000799816 0.000786443 0.000846869 0.000807877 0.000749765 0.00077498 0.000791058 0.000762083 0.000780653 0.000764006 0.000754942 0.000756894 0.000743198 0.000706587
6.5465e-05 0.000293888 -8.49924e-05 0.000558833 0.000454328 0.000578801 0.00066352 0.000757408 0.000749873 0.000827024 0.000791941 0.00084183 0.000865981 0.000916395 0.000998039 0.000766488 0.000880314 0.000995686 0.00105185 0.000917073 0.000874866 0.000988596 0.000912178 0.00087816 0.000961786 0.000986456 0.00088025 0.00091343 0.000987399 0.000925012 0.000884297 0.000891802 0.000898565 0.000904756 0.000917296 0.000920179 0.000871506 0.000866768 0.000860951 0.000822558 0.000815831 0.000858908 0.000833665 0.000802431 0.000848086 0.00084708 0.000767721 0.000831583 0.00080063 0.000800813 0.000776623 0.000794777 0.000760459 0.000785639 0.000735399 0.000723176
-2.69422e-05 0.000427924 0.000193996 0.000678557 0.000621201 0.000645832 0.000708316 0.000784916 0.000753574 0.000827088 0.000810713 0.000930734 0.000797902 0.000906742 0.000902814 0.000988085 0.000858624 0.000976044 0.000900185 0.000953051 0.00093586 0.000969092 0.000921663 0.000935599 0.000943458 0.000917457 0.000917791 0.0010065 0.00102032 0.000960794 0.000919369 0.000950885 0.000957419 0.000919272 0.000923762 0.000922208 0.000898275 0.000861594 0.00087733 0.000878545 0.000870956 0.000901307 0.000855781 0.000804525 0.000864469 0.000837396 0.000796528 0.000822199 0.000837132 0.0007512 0.000751811 0.000750266 0.00076003 0.000738394 0.000726817 0.000712073
1.33982e-05 0.000430722 8.71249e-05 0.000520301 0.000589983 0.000595541 0.000583501 0.000815858 0.000702358 0.000800001 0.000878854 0.000921272 0.000846322 0.00102999 0.000828595 0.000934517 0.000893656 0.00101102 0.000924467 0.000908922 0.000875253 0.00107313 0.000981387 0.000965916 0.00105808 0.000992883 0.000925128 0.000960884 0.000953609 0.000962633 0.000940266 0.000984923 0.000989203 0.000929024 0.000900089 0.000911238 0.000930846 0.000891483 0.000871573 0.000887397 0.000886854 0.000869846 0.00083122 0.000816824 0.000880238 0.000829862 0.000782621 0.000822893 0.000849824 0.000793774 0.000820171 0.000813778 0.000798291 0.000784622 0.000770069 0.000782682
0.000186102 0.00048986 0.00019913 0.000613093 0.000576664 0.000610681 0.000781406 0.000884434 0.000738463 0.000876641 0.000935491 0.000834544 0.000829945 0.000961779 0.000893712 0.000975331 0.000889087 0.00098729 0.00101835 0.00096044 0.000969235 0.000996825 0.000968726 0.000894514 0.000963464 0.00103772 0.000980129 0.000923946 0.00097486 0.000926043 0.000919203 0.00097268 0.000962278 0.000910436 0.000911444 0.000932639 0.000963344 0.000913811 0.000870243 0.000889773 0.000879727 0.000865541 0.000855744 0.00086589 0.000907473 0.00083535 0.000776144 0.000860536 0.000845396 0.000803774 0.000772732 0.000791131 0.000813458 0.000782037 0.000751783 0.000758812
0.000122429 0.000552897 0.000254952 0.000642833 0.000662607 0.000717964 0.000753809 0.000861177 0.00077733 0.000900049 0.000896607 0.000907982 0.000915063 0.00100223 0.00100952 0.000986786 0.000911817 0.00101521 0.000960213 0.000963381 0.000979941 0.00103422 0.000988125 0.000961742 0.000997182 0.000995772 0.000964487 0.000992947 0.000985067 0.000961303 0.000950252 0.000985868 0.000959725 0.000912935 0.000917077 0.00092888 0.000929794 0.000909183 0.000905749 0.000931277 0.000878776 0.00085798 0.000846898 0.000851176 0.000871713 0.000806579 0.000792581 0.000873503 0.000864647 0.000781419 0.000790345 0.000812866 0.000805014 0.000780834 0.000753683 0.000762
0.000208852 0.000584062 0.000278554 0.000671184 0.000758394 0.000752964 0.00062689 0.000854418 0.000829121 0.000895603 0.000911884 0.000916878 0.000952814 0.000948148 0.000917454 0.000964654 0.000983592 0.000995219 0.000994723 0.000929949 0.00101295 0.001009 0.00100867 0.00100373 0.000993952 0.00100769 0.000985847 0.00106611 0.00100852 0.00101061 0.000994793 0.00101464 0.00098068 0.000950306 0.000966523 0.000943995 0.000912579 0.000896624 0.000902777 0.000934241 0.000897348 0.000847034 0.000828782 0.000849029 0.000887133 0.000807544 0.000772252 0.000843249 0.000866989 0.000778944 0.00077464 0.00077502 0.000821034 0.000761485 0.000709747 0.000729136
0.000336776 0.00060749 0.000288848 0.000691211 0.000653668 0.000705082 0.000826927 0.000966142 0.000827457 0.000927344 0.000933977 0.000966694 0.000927048 0.00100111 0.000972643 0.00102551 0.000990091 0.00102296 0.00104971 0.00105025 0.00104262 0.000993687 0.000970171 0.00107155 0.00105587 0.00101153 0.00104216 0.00100736 0.00100681 0.00102865 0.00102149 0.00103066 0.00100036 0.00100411 0.00102154 0.00099373 0.000980358 0.000963302 0.000913908 0.000954841 0.000950102 0.000909919 0.000900289 0.000947883 0.00100727 0.000928582 0.000860047 0.000896706 0.000880141 0.000852577 0.000848813 0.00085871 0.000872123 0.00082964 0.000766589 0.000791937
0.000312237 0.000680352 0.000452881 0.000767726 0.000761897 0.000823812 0.000815056 0.000907916 0.000816472 0.000966493 0.000948405 0.00100241 0.000985717 0.00100225 0.00102226 0.00100051 0.00105615 0.000997823 0.000965435 0.00104198 0.00104236 0.00110584 0.00103731 0.00101137 0.00103852 0.00104574 0.00103787 0.000999119 0.00104215 0.000986281 0.000970994 0.00100416 0.000986933 0.000981488 0.000979893 0.000968054 0.000972706 0.000978292 0.00092313 0.000940675 0.000933857 0.000902567 0.000940594 0.000936957 0.000921764 0.000886489 0.000861689 0.000889634 0.000863509 0.000807571 0.00081873 0.000836089 0.000857295 0.000802413 0.000749195 0.00077094
0.000483144 0.000695738 0.000525565 0.000777316 0.000856812 0.00082815 0.000863632 0.00091161 0.000919711 0.00103995 0.000915146 0.00093541 0.00104695 0.00106901 0.000904971 0.0010709 0.00101332 0.00102935 0.00105429 0.00106358 0.000988667 0.00102404 0.000982557 0.00097994 0.00106053 0.000977185 0.00100476 0.000948817 0.000974745 0.000989445 0.00101179 0.000941606 0.000956387 0.000945782 0.000930336 0.000896289 0.000910989 0.000910834 0.000885435 0.000894196 0.000862128 0.000817809 0.000895296 0.000822158 0.000708986 0.000724905 0.000848381 0.000885212 0.000838448 0.000753159 0.000810427 0.000788757 0.000825268 0.000802028 0.000756647 0.000757979
0.000537554 0.000698558 0.000568547 0.000726553 0.000786153 0.000829223 0.00093829 0.000949802 0.000918625 0.00107601 0.00100994 0.000949058 0.00104927 0.00104845 0.000987386 0.00102692 0.00111787 0.00105509 0.00105456 0.00104514 0.00102034 0.00104603 0.00108484 0.00105377 0.00110101 0.00105779 0.00107111 0.00107314 0.00109982 0.00109514 0.00103316 0.0010582 0.00105018 0.00103288 0.000987159 0.000986189 0.00101922 0.0010118 0.000961993 0.000966023 0.000943721 0.000909494 0.000979015 0.000927274 0.000800685 0.000815208 0.000924275 0.000950877 0.000862344 0.000833896 0.000846264 0.000834072 0.000828882 0.000807843 0.000788089 0.000809573
0.000519433 0.000792382 0.000641952 0.000872024 0.000962871 0.000835427 0.000932532 0.000961189 0.000941596 0.00101917 0.00102615 0.00102491 0.00111013 0.00109794 0.00106229 0.00116248 0.00106142 0.00100349 0.00104714 0.00109997 0.00123273 0.0011324 0.0011209 0.00112831 0.00108097 0.00111418 0.0011454 0.00109511 0.00107779 0.00106719 0.00106235 0.00109237 0.00107647 0.00105966 0.001033 0.00104801 0.00108716 0.00102499 0.000965199 0.000996056 0.000984484 0.000944689 0.00103033 0.00104142 0.000993182 0.000947894 0.000969262 0.000951173 0.000878362 0.0008619 0.000913321 0.000872736 0.000867026 0.000851984 0.000812342 0.000820431
0.000719717 0.000969904 0.00070853 0.00087576 0.000977487 0.000985301 0.000950269 0.00102529 0.00102669 0.00102681 0.00106971 0.00102401 0.00103067 0.00106432 0.00101322 0.00108312 0.00107594 0.00113729 0.00112369 0.00101075 0.00103864 0.00101183 0.000973192 0.00102645 0.00105 0.00103159 0.000993395 0.000971869 0.000989487 0.00105449 0.000999446 0.00100154 0.00105065 0.00100664 0.000985583 0.000970299 0.000950856 0.000892274 0.000871635 0.000964166 0.000918501 0.000861371 0.000888583 0.00091076 0.000905019 0.000861596 0.000872555 0.000878925 0.000873207 0.000836403 0.00086938 0.000818534 0.000841001 0.000813293 0.000748753 0.000750552
0.00069927 0.000812698 0.000703476 0.000905916 0.000869375 0.00100352 0.00102976 0.00100603 0.00106671 0.00108098 0.00110606 0.00111294 0.00101508 0.00114344 0.00116435 0.00103557 0.00112568 0.00113219 0.00110072 0.00111672 0.00115065 0.00110916 0.00109932 0.00113321 0.00109331 0.0011131 0.00109142 0.00108835 0.00112315 0.00106733 0.00101985 0.000957576 0.000972465 0.000988342 0.000997607 0.000993929 0.00101375 0.000980979 0.000956004 0.00101406 0.000971936 0.00089173 0.000887363 0.000879042 0.000890727 0.000837709 0.000881982 0.000900254 0.000870005 0.000792199 0.000854591 0.000827509 0.000870998 0.000873417 0.000804278 0.000761446
