MatLab_Code/pn_g_inv10_cal.grd
DSAA
81 101
0 40000
0 50000
-39.4508 22.1644
[rows 58 to 86 of 101, columns 0 to 65 of 81]
17.7695 17.8787 17.9445 17.9718 17.9683 17.9401 17.8921 17.8285 17.7527 17.6658 17.5691 17.4629 17.3459 17.2165 17.0744 16.9198 16.7535 16.5759 16.3866 16.1844 15.9691 15.7428 15.51 15.2749 15.0393 14.8023 14.5608 14.3117 14.0545 13.7898 13.5177 13.2373 12.9474 12.6458 12.3289 11.9914 11.6273 11.2306 10.7967 10.324 9.81604 9.28238 8.73513 8.18365 7.63482 7.09473 6.56789 6.05634 5.56054 5.0799 4.61298 4.15745 3.71047 3.26868 2.82852 2.38656 1.94009 1.48725 1.02689 0.558343 0.0819735 -0.400081 -0.884744 -1.37041 -1.85629 -2.34054
17.4826 17.6144 17.7014 17.7479 17.7617 17.7491 17.7155 17.6656 17.6033 17.5306 17.4487 17.3578 17.2559 17.1414 17.0139 16.8741 16.7229 16.5608 16.3872 16.2004 15.9992 15.7856 15.5643 15.3402 15.1155 14.8892 14.6579 14.4181 14.1689 13.9102 13.642 13.3632 13.0724 12.7674 12.4448 12.0999 11.7271 11.3215 10.8806 10.4041 9.89569 9.36326 8.81613 8.26174 7.70636 7.15619 6.61616 6.08891 5.57557 5.07623 4.59003 4.11523 3.64957 3.19024 2.73412 2.27819 1.82015 1.35843 0.892055 0.420182 -0.0573378 -0.538422 -1.01985 -1.5005 -1.98011 -2.4572
17.1879 17.3424 17.4506 17.5161 17.5469 17.5495 17.5296 17.4924 17.4422 17.3821 17.314 17.2374 17.1498 17.0491 16.9354 16.8096 16.6728 16.5258 16.3678 16.1965 16.0097 15.8087 15.5983 15.3839 15.1683 14.9507 14.7276 14.4954 14.2522 13.9978 13.7315 13.4524 13.1587 12.8484 12.5187 12.1651 11.7831 11.369 10.9216 10.4416 9.93238 9.40029 8.85266 8.2954 7.73408 7.17476 6.62259 6.08073 5.55095 5.03389 4.52932 4.03615 3.5527 3.07659 2.60515 2.13583 1.66671 1.19647 0.724213 0.24917 -0.228767 -0.707745 -1.18516 -1.66035 -2.13344 -2.60325
16.8862 17.0635 17.1927 17.2771 17.3245 17.3422 17.3356 17.3102 17.2709 17.2221 17.1668 17.1037 17.0293 16.9415 16.8404 16.7275 16.6043 16.4716 16.3287 16.1728 16.0005 15.8118 15.6115 15.4056 15.1974 14.9868 14.7702 14.5437 14.3052 14.0535 13.7876 13.5064 13.2084 12.8917 12.5539 12.1913 11.8003 11.3783 10.925 10.4412 9.93024 9.39721 8.84793 8.28712 7.71972 7.15163 6.58811 6.03265 5.4875 4.95385 4.43203 3.92158 3.42136 2.92947 2.44363 1.96172 1.48223 1.004 0.526302 0.0485966 -0.428929 -0.904913 -1.37778 -1.8473 -2.3138 -2.77642
16.5776 16.7779 16.9284 17.0315 17.0955 17.1281 17.1348 17.121 17.0923 17.0539 17.0105 16.9595 16.8969 16.8205 16.7309 16.6297 16.5187 16.3992 16.2707 16.1297 15.9715 15.7949 15.6041 15.4054 15.2034 14.9982 14.7866 14.5646 14.3296 14.0795 13.8127 13.5281 13.2245 12.9005 12.5542 12.1826 11.7831 11.3538 10.8948 10.407 9.89316 9.35779 8.80558 8.24023 7.66618 7.08931 6.51492 5.94664 5.38709 4.83799 4.30015 3.77361 3.25777 2.75121 2.25212 1.75872 1.26975 0.784325 0.302001 -0.177485 -0.653941 -1.12662 -1.59478 -2.05867 -2.51878 -2.97444
16.2624 16.4861 16.6579 16.7799 16.8607 16.9082 16.9283 16.9269 16.9095 16.8818 16.8486 16.8075 16.7546 16.6881 16.6086 16.5178 16.4178 16.3102 16.1947 16.0675 15.9229 15.758 15.5761 15.3839 15.1868 14.9861 14.7787 14.5604 14.3278 14.0782 13.8095 13.5203 13.2101 12.8782 12.5233 12.1432 11.7357 11.2996 10.8349 10.3426 9.82503 9.28598 8.72947 8.15851 7.57711 6.99117 6.40606 5.82547 5.25231 4.68877 4.13608 3.59468 3.06444 2.54452 2.03353 1.52995 1.03272 0.54129 0.055418 -0.425089 -0.900207 -1.36966 -1.83338 -2.29201 -2.74614 -3.19514
15.941 16.1879 16.3811 16.5223 16.6199 16.6826 16.7166 16.7283 16.7235 16.707 16.6825 16.6489 16.6038 16.5456 16.4749 16.3933 16.3028 16.2054 16.1013 15.9864 15.8543 15.7005 15.5274 15.3412 15.1485 14.9517 14.748 14.5326 14.3018 14.0519 13.7804 13.4858 13.1682 12.8281 12.4649 12.0769 11.662 11.2192 10.7488 10.2515 9.72923 9.1853 8.62326 8.04565 7.45622 6.86081 6.26483 5.67211 5.0859 4.50875 3.94223 3.38712 2.84377 2.31186 1.79038 1.27796 0.773796 0.277597 -0.210833 -0.691837 -1.16559 -1.63212 -2.09183 -2.5457 -2.99436 -3.4372
15.6132 15.8838 16.0985 16.2588 16.3734 16.4513 16.4995 16.5246 16.5325 16.5269 16.5106 16.4838 16.4453 16.3943 16.3312 16.2576 16.1752 16.0863 15.9914 15.8868 15.7655 15.6222 15.4576 15.2778 15.0896 14.8962 14.6955 14.4826 14.2529 14.0024 13.7276 13.4272 13.1022 12.7539 12.3827 11.9871 11.5652 11.116 10.6397 10.1369 9.60922 9.05955 8.49099 7.90587 7.30783 6.70257 6.09549 5.49066 4.89174 4.30164 3.72218 3.15447 2.59927 2.0567 1.52601 1.00607 0.496256 -0.00361049 -0.493834 -0.974962 -1.44737 -1.91133 -2.36752 -2.81715 -3.26091 -3.6983
15.2794 15.5745 15.8112 15.9905 16.1218 16.2148 16.277 16.3155 16.3355 16.3403 16.332 16.3119 16.2797 16.2352 16.1789 16.1121 16.0364 15.9541 15.8663 15.7696 15.6572 15.5233 15.3673 15.1944 15.0112 14.8213 14.623 14.4119 14.183 13.9316 13.6535 13.3473 13.0149 12.6588 12.28 11.8774 11.4491 10.9939 10.5117 10.0031 9.46939 8.91327 8.33745 7.74413 7.13699 6.5216 5.90328 5.28635 4.67492 4.07232 3.48061 2.90125 2.33537 1.78335 1.24467 0.718504 0.204273 -0.29836 -0.789884 -1.27099 -1.74222 -2.20404 -2.65733 -3.10339 -3.54295 -3.97575
14.9418 15.2615 15.5201 15.7183 15.8661 15.9741 16.0501 16.1012 16.1327 16.1472 16.1468 16.1334 16.1076 16.0692 16.0191 15.9581 15.8879 15.8107 15.7278 15.6367 15.5311 15.4051 15.2576 15.0923 14.9147 14.7285 14.5325 14.3227 14.0941 13.8415 13.5601 13.2488 12.9097 12.5464 12.1606 11.7517 11.3176 10.8568 10.369 9.85456 9.31453 8.75141 8.1678 7.56586 6.94924 6.32352 5.69388 5.06482 4.44098 3.82615 3.22274 2.63257 2.05708 1.49685 0.951545 0.420432 -0.0971873 -0.601936 -1.09448 -1.57561 -2.046 -2.5063 -2.95753 -3.40094 -3.83726 -4.26647
14.6012 14.9454 15.2258 15.4429 15.6072 15.7297 15.8189 15.8822 15.9243 15.9478 15.9548 15.948 15.9284 15.8962 15.8517 15.7959 15.7304 15.6571 15.5774 15.4897 15.3889 15.2696 15.1302 14.9729 14.8017 14.6196 14.4259 14.217 13.9881 13.734 13.4497 13.1338 12.7891 12.4195 12.0276 11.613 11.1736 10.7078 10.2149 9.69466 9.14817 8.57781 7.98622 7.3755 6.74927 6.11306 5.47197 4.8307 4.19437 3.56741 2.95272 2.35249 1.76842 1.20123 0.650581 0.115614 -0.404648 -0.911068 -1.40448 -1.88581 -2.35595 -2.81558 -3.26576 -3.70766 -4.14195 -4.5688
14.2567 14.6258 14.9283 15.1645 15.3451 15.482 15.584 15.6584 15.7102 15.7417 15.7555 15.7548 15.7411 15.7147 15.6758 15.625 15.5636 15.4935 15.4161 15.3305 15.233 15.1194 14.9878 14.8386 14.6742 14.4966 14.3052 14.0968 13.8672 13.6113 13.3244 13.0049 12.6556 12.2809 11.8838 11.4642 11.02 10.5494 10.0515 9.52583 8.97303 8.3956 7.7962 7.17689 6.54118 5.89452 5.24197 4.58844 3.93957 3.30049 2.67479 2.06517 1.47348 0.900396 0.345412 -0.192638 -0.71504 -1.22284 -1.7171 -2.19904 -2.66972 -3.12978 -3.58015 -4.02193 -4.45571 -4.88178
13.908 14.3028 14.6279 14.8835 15.0807 15.2318 15.3459 15.4306 15.491 15.5297 15.5496 15.5543 15.5458 15.5245 15.4908 15.4451 15.3882 15.3214 15.246 15.1621 15.0673 14.9587 14.8342 14.6931 14.5355 14.3626 14.1735 13.9654 13.7348 13.4772 13.188 12.8656 12.5128 12.1342 11.7329 11.3087 10.8598 10.3846 9.88188 9.35102 8.79237 8.20838 7.60171 6.97434 6.32966 5.67299 5.00932 4.34378 3.68259 3.03157 2.39513 1.77665 1.17811 0.599943 0.041219 -0.49961 -1.0241 -1.53345 -2.02898 -2.51225 -2.98451 -3.44634 -3.89846 -4.34184 -4.77698 -5.20423
13.5568 13.9781 14.3265 14.6016 14.8153 14.9806 15.1065 15.2008 15.2691 15.3142 15.3395 15.3488 15.3446 15.3277 15.2989 15.2583 15.2063 15.1433 15.0706 14.9887 14.8966 14.7925 14.6745 14.5407 14.3899 14.2217 14.035 13.8272 13.5955 13.3364 13.0454 12.7209 12.3655 11.9837 11.5786 11.1502 10.6967 10.2167 9.70945 9.17395 8.61028 8.02066 7.40764 6.77316 6.12053 5.45484 4.78093 4.10421 3.43142 2.76906 2.12238 1.4955 0.890596 0.307684 -0.254731 -0.798622 -1.32576 -1.83749 -2.33533 -2.82112 -3.29633 -3.76153 -4.21728 -4.66424 -5.10288 -5.53361
13.2051 13.6531 14.0249 14.3198 14.5502 14.7294 14.867 14.9708 15.0466 15.0976 15.1277 15.141 15.1405 15.1276 15.1032 15.0677 15.0206 14.9619 14.8926 14.8136 14.7248 14.6251 14.513 14.3858 14.2411 14.0776 13.8935 13.6862 13.4539 13.1935 12.9012 12.5752 12.2178 11.8333 11.4247 10.992 10.5338 10.0492 9.53766 8.99829 8.43068 7.83667 7.21859 6.57832 5.91907 5.24575 4.56309 3.87666 3.19362 2.52103 1.86484 1.22995 0.618731 0.0307517 -0.536077 -1.08405 -1.61508 -2.13063 -2.63238 -3.12239 -3.60235 -4.07292 -4.53437 -4.98709 -5.43145 -5.86799
12.853 13.3279 13.7233 14.0384 14.2856 14.479 14.6281 14.7414 14.8245 14.8812 14.9157 14.9329 14.9358 14.9265 14.9063 14.8754 14.8331 14.7789 14.7138 14.6386 14.5539 14.4591 14.3526 14.2314 14.0923 13.9332 13.7517 13.5456 13.3132 13.0521 12.759 12.4322 12.0733 11.6863 11.2742 10.8373 10.3745 9.88543 9.37009 8.82761 8.25717 7.66009 7.03839 6.39382 5.72948 5.05022 4.36071 3.6666 2.97526 2.29406 1.62946 0.986947 0.369005 -0.225142 -0.797961 -1.35182 -1.88863 -2.40998 -2.91775 -3.41414 -3.90108 -4.37928 -4.84872 -5.30943 -5.76175 -6.20641
12.4993 13.0017 13.4213 13.7569 14.0215 14.2293 14.3902 14.5129 14.6034 14.6659 14.705 14.7259 14.7322 14.7263 14.71 14.6833 14.6455 14.5961 14.5357 14.4653 14.3856 14.2964 14.1957 14.0801 13.9462 13.7913 13.6128 13.4083 13.1765 12.9153 12.6219 12.2947 11.9348 11.5457 11.1304 10.6896 10.2226 9.72939 9.21069 8.66575 8.09328 7.49417 6.87016 6.2228 5.5551 4.87179 4.17753 3.47797 2.78051 2.09269 1.42115 0.771413 0.145939 -0.45608 -1.03706 -1.59916 -2.14418 -2.67374 -3.18991 -3.69513 -4.19149 -4.67969 -5.15941 -5.63037 -6.09291 -6.54801
12.1442 12.6747 13.119 13.4759 13.7583 13.9811 14.1543 14.2869 14.3851 14.4537 14.4975 14.5224 14.532 14.5294 14.5163 14.4933 14.4598 14.4153 14.3603 14.2957 14.2221 14.1392 14.0449 13.9352 13.8063 13.6555 13.48 13.2776 13.0469 12.7863 12.4931 12.1658 11.8053 11.4148 10.997 10.553 10.0824 9.58561 9.06396 8.51684 7.94274 7.34232 6.71704 6.06832 5.39897 4.71355 4.01654 3.31352 2.61194 1.91937 1.24222 0.585534 -0.0483547 -0.659926 -1.25117 -1.82391 -2.37964 -2.91989 -3.44692 -3.96338 -4.47152 -4.97191 -5.46405 -5.94747 -6.42254 -6.89055
11.7878 12.3468 12.8165 13.1954 13.4964 13.7348 13.9211 14.0644 14.1711 14.2462 14.2953 14.3243 14.3375 14.3378 14.3274 14.3075 14.2779 14.2384 14.1894 14.1316 14.0653 13.9899 13.9027 13.7993 13.6754 13.5285 13.3562 13.1563 12.9272 12.6675 12.3748 12.0478 11.6874 11.2962 10.8766 10.4302 9.95685 9.45746 8.93318 8.38383 7.80826 7.20703 6.58132 5.93234 5.26272 4.57673 3.87857 3.17369 2.46947 1.77338 1.09132 0.427713 -0.215236 -0.837509 -1.44059 -2.0259 -2.59448 -3.14764 -3.68772 -4.21758 -4.73952 -5.25402 -5.76048 -6.25837 -6.74821 -7.23151
11.4291 12.0177 12.5137 12.9153 13.2356 13.4906 13.6908 13.8455 13.9615 14.044 14.0989 14.1326 14.1495 14.1527 14.1449 14.1278 14.1017 14.0671 14.0244 13.9744 13.9166 13.8498 13.7708 13.6742 13.5552 13.4122 13.2433 13.046 12.8188 12.5604 12.2686 11.9424 11.5827 11.1914 10.7708 10.3225 9.84723 9.34584 8.81934 8.26793 7.69113 7.08952 6.46399 5.81549 5.14642 4.4608 3.76253 3.05684 2.35091 1.65187 0.96506 0.294406 -0.357927 -0.991483 -1.60733 -2.20649 -2.78953 -3.35735 -3.91231 -4.45733 -4.99468 -5.52483 -6.04723 -6.56138 -7.06803 -7.56897
11.0668 11.6859 12.2092 12.6347 12.9755 13.2481 13.4632 13.6301 13.756 13.8469 13.9086 13.9477 13.969 13.9756 13.9705 13.9562 13.9334 13.9032 13.8671 13.8254 13.7772 13.7204 13.6506 13.5613 13.4473 13.3082 13.1426 12.9483 12.7232 12.4662 12.1756 11.8508 11.4921 11.1012 10.68 10.2305 9.75359 9.25051 8.72221 8.16922 7.59152 6.98987 6.36491 5.71729 5.04913 4.36422 3.66623 2.96013 2.25274 1.55083 0.859181 0.181329 -0.48053 -1.12561 -1.75469 -2.36844 -2.96699 -3.55081 -4.1221 -4.68367 -5.2377 -5.78471 -6.32432 -6.85623 -7.38149 -7.90213
10.7001 11.3507 11.9022 12.3525 12.7152 13.0066 13.2375 13.4176 13.5546 13.6549 13.7244 13.7702 13.7967 13.8076 13.8059 13.7946 13.7751 13.7494 13.7199 13.6872 13.6492 13.6027 13.5428 13.4613 13.3526 13.2176 13.0558 12.8645 12.6417 12.3864 12.0972 11.7737 11.4161 11.0257 10.6042 10.1538 9.67564 9.17116 8.6415 8.08739 7.50911 6.90758 6.28332 5.6367 4.96953 4.28535 3.58757 2.88088 2.17179 1.46672 0.769973 0.0847161 -0.586813 -1.24358 -1.8861 -2.5148 -3.12947 -3.73024 -4.319 -4.89832 -5.47016 -6.03511 -6.59302 -7.14397 -7.68934 -8.23137
10.3272 11.01 11.5907 12.0672 12.4529 12.7644 13.0123 13.207 13.3564 13.4672 13.546 13.5997 13.633 13.6495 13.6526 13.6452 13.6296 13.6089 13.5863 13.5626 13.5348 13.4985 13.4475 13.3737 13.2714 13.1414 12.9835 12.7954 12.575 12.3215 12.0338 11.7115 11.3547 10.9646 10.5429 10.0918 9.61264 9.10707 8.57639 8.02149 7.44278 6.84133 6.21763 5.5719 4.90567 4.2221 3.52425 2.81651 2.10519 1.39641 0.694086 0.00111523 -0.680295 -1.34894 -2.00512 -2.64903 -3.28027 -3.89868 -4.50582 -5.10391 -5.69466 -6.2786 -6.85588 -7.42703 -7.99375 -8.55847
9.94551 10.6622 11.2736 11.7774 12.1872 12.52 12.7865 12.9971 13.1602 13.2829 13.3722 13.4356 13.4775 13.5017 13.5112 13.5095 13.4995 13.4851 13.47 13.4551 13.4368 13.4096 13.3665 13.2999 13.2044 13.0799 12.926 12.741 12.523 12.2713 11.9851 11.6637 11.3074 10.9173 10.4954 10.0437 9.56379 9.05735 8.52582 7.97018 7.39099 6.78943 6.16607 5.52105 4.85557 4.17237 3.4741 2.76485 2.05066 1.33748 0.628989 -0.0720865 -0.763638 -1.44442 -2.11456 -2.77408 -3.42243 -4.05916 -4.68546 -5.30315 -5.9137 -6.51768 -7.11549 -7.70805 -8.29734 -8.88585
9.55323 10.3056 10.9491 11.4813 11.9164 12.2717 12.558 12.7859 12.964 13.1001 13.2016 13.2765 13.3291 13.3632 13.3817 13.3882 13.3861 13.3798 13.3729 13.3665 13.3566 13.3374 13.3015 13.2416 13.1523 13.033 12.8829 12.7006 12.4848 12.235 11.95 11.6294 11.2732 10.883 10.4607 10.0085 9.52786 9.02059 8.48814 7.93161 7.35173 6.74986 6.12661 5.48199 4.81693 4.13372 3.43461 2.72338 2.00581 1.28765 0.572447 -0.137197 -0.839285 -1.53256 -2.21708 -2.89277 -3.55889 -4.21466 -4.8608 -5.49877 -6.1299 -6.7549 -7.37448 -7.98977 -8.60286 -9.21616
9.1502 9.93948 10.616 11.1774 11.6386 12.0173 12.3245 12.5711 12.7658 12.9169 13.0324 13.1204 13.1858 13.2321 13.2622 13.2798 13.2881 13.2917 13.294 13.2957 13.2932 13.2808 13.2514 13.1978 13.1142 12.9996 12.853 12.6733 12.4595 12.2111 11.927 11.6068 11.2508 10.8603 10.4374 9.98454 9.50317 8.99498 8.46147 7.90392 7.32322 6.72082 6.09735 5.45271 4.78757 4.10387 3.40346 2.68983 1.96852 1.24505 0.522762 -0.195898 -0.909003 -1.61525 -2.31463 -3.00703 -3.69157 -4.36709 -5.0338 -5.6928 -6.34536 -6.99247 -7.63516 -8.27465 -8.91289 -9.55208
8.73508 9.56212 10.2724 10.8638 11.3519 11.7548 12.084 12.3505 12.5634 12.7312 12.8622 12.9652 13.0452 13.1058 13.1498 13.1808 13.2018 13.217 13.2291 13.239 13.243 13.2365 13.2131 13.1656 13.0879 12.9779 12.8347 12.6573 12.4451 12.1977 11.9141 11.594 11.2378 10.8469 10.4234 9.96978 9.48757 8.9784 8.44379 7.8852 7.30358 6.70043 6.07631 5.43112 4.76534 4.08062 3.37843 2.66203 1.93668 1.20762 0.477928 -0.250103 -0.9746 -1.69422 -2.40891 -3.1185 -3.82198 -4.51786 -5.20591 -5.8868 -6.56176 -7.23215 -7.89936 -8.56458 -9.22937 -9.89557
8.3067 9.17217 9.91687 10.5389 11.0543 11.4823 11.8345 12.1223 12.3547 12.5406 12.6887 12.8085 12.905 12.9817 13.0413 13.0872 13.1223 13.1501 13.1728 13.1907 13.201 13.2001 13.1826 13.1415 13.0699 12.9649 12.8252 12.65 12.4391 12.1923 11.9087 11.5883 11.2318 10.8404 10.4163 9.962 9.47898 8.96887 8.43326 7.87367 7.29106 6.68689 6.06169 5.41544 4.74852 4.0623 3.35793 2.63838 1.90863 1.17358 0.4361 -0.301576 -1.03766 -1.77086 -2.50113 -3.22824 -3.951 -4.66767 -5.37764 -6.08118 -6.77947 -7.47426 -8.16735 -8.8598 -9.55265 -10.2472
7.86381 8.76825 9.54793 10.2011 10.7445 11.1981 11.574 11.884 12.1373 12.343 12.5101 12.6482 12.7626 12.8567 12.9331 12.9952 13.0451 13.086 13.1194 13.1456 13.1623 13.1671 13.1555 13.1207 13.0553 12.956 12.8205 12.6481 12.4385 12.1919 11.9079 11.5869 11.2297 10.8379 10.4134 9.95867 9.47508 8.96428 8.42785 7.86734 7.28367 6.67824 6.05159 5.40383 4.73533 4.0472 3.34023 2.61711 1.88248 1.14095 0.39527 -0.352303 -1.10009 -1.84695 -2.59288 -3.33753 -4.07961 -4.81718 -5.54933 -6.27594 -6.99817 -7.7182 -8.43822 -9.15915 -9.88141 -10.6056
