MatLab_Code/pn_g_inv10.grd
DSAA
81 101
0 40000
0 50000
-0.279613 0.145294
[rows 26 to 51 of 101, columns 0 to 58 of 81]
0.14409 0.13891 0.134548 0.131444 0.128906 0.126411 0.124024 0.121586 0.119175 0.116778 0.114309 0.111742 0.109176 0.106603 0.103975 0.101262 0.098563 0.0958722 0.0931944 0.0904543 0.0877432 0.085093 0.0825067 0.0799406 0.0773945 0.0748208 0.0722609 0.0696771 0.066983 0.0641274 0.0612516 0.058367 0.0555094 0.0527038 0.0499239 0.0471879 0.0445997 0.0421328 0.0397234 0.0373414 0.0350327 0.0327319 0.0303839 0.0279641 0.0254776 0.0228646 0.0201473 0.0173497 0.0145444 0.011772 0.00897723 0.00603711 0.00303675 1.8384e-05 -0.00309018 -0.00634921 -0.0096555 -0.0130268 -0.0165279
0.144779 0.139469 0.135 0.131822 0.12921 0.126631 0.124153 0.121613 0.119117 0.116632 0.114088 0.111472 0.108828 0.10612 0.103387 0.100541 0.0976739 0.0948412 0.0920376 0.0891497 0.0862953 0.0835224 0.0807638 0.0779865 0.075244 0.0724935 0.0697647 0.0670297 0.0642615 0.0614316 0.058658 0.0559113 0.0532026 0.0505725 0.0480086 0.0454734 0.0430647 0.0407641 0.0384978 0.0362542 0.0341136 0.0319896 0.0297845 0.0274543 0.0250171 0.0224351 0.0197511 0.0169813 0.014218 0.0115037 0.00878737 0.00594918 0.00304257 7.85457e-05 -0.00299033 -0.00620501 -0.00944771 -0.0127433 -0.0161845
0.145155 0.1398 0.135241 0.131989 0.129316 0.126639 0.124062 0.121451 0.11889 0.116334 0.113758 0.111088 0.108331 0.10545 0.102586 0.0996819 0.0967459 0.0937963 0.0908421 0.0877916 0.0847712 0.0818269 0.0788665 0.0758765 0.0729564 0.0700276 0.0671313 0.0642834 0.0614736 0.0586655 0.0559592 0.0533283 0.0507734 0.0483037 0.0459143 0.0435548 0.0412993 0.0391448 0.0370408 0.0349487 0.0329333 0.0309079 0.0287959 0.0265705 0.024234 0.0217183 0.0190745 0.0163425 0.0136411 0.0109925 0.00833795 0.00558928 0.00279785 -7.41225e-05 -0.00307625 -0.00623637 -0.00942094 -0.0126472 -0.0160258
0.145294 0.140008 0.1354 0.132049 0.129299 0.126523 0.123859 0.121167 0.118484 0.115839 0.113225 0.110455 0.10757 0.104593 0.101663 0.0986966 0.0956484 0.0925611 0.0894709 0.0862663 0.0830799 0.079946 0.0767747 0.0735855 0.0704872 0.0673686 0.0643223 0.0614157 0.058623 0.055853 0.0531799 0.0506101 0.0481821 0.0458693 0.043647 0.0414622 0.0393591 0.0373305 0.035359 0.0333935 0.031488 0.029552 0.0275222 0.0253945 0.0231759 0.0207685 0.018227 0.0156169 0.0130508 0.0105071 0.00793633 0.00529359 0.0026404 -9.47364e-05 -0.00297394 -0.00603527 -0.00914497 -0.0123088 -0.0156131
0.145254 0.139945 0.135295 0.131888 0.129074 0.12623 0.123541 0.120777 0.117976 0.115245 0.112577 0.109721 0.106762 0.103758 0.100756 0.0976533 0.0944536 0.0912467 0.0880603 0.084715 0.0813803 0.078105 0.0747484 0.0713383 0.0680627 0.0648012 0.0616421 0.0586644 0.0558443 0.0530803 0.0504326 0.0479238 0.0456101 0.0434325 0.0413331 0.0392491 0.0372512 0.0353287 0.0334488 0.0315598 0.0297344 0.0278806 0.0259235 0.0238578 0.0217188 0.0194182 0.0170228 0.014594 0.0121992 0.0097758 0.00730791 0.00478549 0.00226752 -0.000331681 -0.00306767 -0.00600006 -0.00901729 -0.0121194 -0.0153515
0.145071 0.139713 0.13501 0.13155 0.128696 0.125802 0.123073 0.120244 0.117405 0.114603 0.111838 0.108927 0.105919 0.102849 0.0997635 0.0965647 0.0932678 0.0899728 0.0866888 0.0832052 0.0797396 0.0763497 0.0728269 0.069187 0.0657546 0.0624185 0.0591747 0.0561045 0.0532278 0.0504533 0.0478609 0.0454531 0.0432486 0.0411696 0.0391511 0.0371136 0.035175 0.0333395 0.0315423 0.0297143 0.0279399 0.0261348 0.0242358 0.0222456 0.0202096 0.0180286 0.0157918 0.0135608 0.0113537 0.00907882 0.00676033 0.00440265 0.00204434 -0.000410467 -0.0029899 -0.00576199 -0.00864225 -0.0116461 -0.014787
0.144686 0.139303 0.134587 0.131119 0.128267 0.12535 0.122559 0.119677 0.116819 0.113947 0.111093 0.10814 0.10511 0.101967 0.0988055 0.0955631 0.0922167 0.0888285 0.0854215 0.0818389 0.0783042 0.0748233 0.0711628 0.0673508 0.0637802 0.0603562 0.0569971 0.0538277 0.0509305 0.048183 0.0456638 0.0433293 0.0411713 0.0391233 0.0371427 0.0351306 0.033213 0.0314073 0.0296454 0.0278421 0.0260774 0.0242702 0.0223981 0.0204895 0.0185651 0.0164947 0.0144023 0.0123567 0.0103365 0.0082277 0.00608254 0.00390118 0.00170879 -0.000599574 -0.00304 -0.00567095 -0.00841199 -0.0112973 -0.0143333
0.144146 0.138778 0.134087 0.130642 0.127786 0.124834 0.121983 0.119036 0.11613 0.113253 0.110363 0.10732 0.10427 0.101102 0.0978635 0.0945334 0.0911444 0.0876751 0.0841576 0.0805253 0.0769819 0.0734412 0.0696832 0.065793 0.0621323 0.0585885 0.0551016 0.0518247 0.0489128 0.0462323 0.0437836 0.0414811 0.0393387 0.0372987 0.035331 0.0333341 0.031422 0.0295975 0.0278056 0.0259795 0.0242056 0.0223926 0.0205488 0.018716 0.0168977 0.0149588 0.0130469 0.011208 0.00939061 0.00747742 0.0055331 0.00354316 0.00153837 -0.000590192 -0.00286785 -0.00534213 -0.00792112 -0.0106539 -0.0135522
0.143396 0.138054 0.133416 0.130015 0.127166 0.1242 0.121337 0.118327 0.115332 0.112476 0.109628 0.106523 0.103422 0.100251 0.0969808 0.093572 0.0901488 0.0866286 0.0830562 0.0794003 0.0758328 0.0722247 0.0683945 0.0644862 0.0608124 0.057174 0.0535782 0.0502018 0.0472443 0.0446009 0.0421907 0.0398845 0.037722 0.0356533 0.0336657 0.031664 0.0297376 0.027861 0.0259974 0.0241054 0.0222859 0.0204423 0.0186013 0.0168097 0.0150847 0.0132991 0.011579 0.0099316 0.00830366 0.00659305 0.00486069 0.00306394 0.00125071 -0.000684928 -0.00277653 -0.00507146 -0.00747113 -0.0100547 -0.0128282
0.14253 0.137282 0.132738 0.129349 0.126477 0.123493 0.120613 0.117593 0.11457 0.111675 0.108848 0.105726 0.102547 0.0993537 0.0961127 0.0927133 0.0892949 0.0857418 0.0821486 0.0784965 0.0748958 0.0712238 0.0673724 0.0634984 0.0598613 0.0561876 0.0525311 0.0491172 0.0461324 0.0434634 0.0410234 0.0386711 0.0364507 0.0343146 0.0322792 0.0302511 0.0282864 0.0263507 0.0244307 0.0224757 0.0205877 0.0186864 0.0168236 0.0150576 0.0134306 0.011798 0.0102504 0.0087875 0.0073657 0.00587681 0.00438211 0.00280714 0.00120445 -0.000529044 -0.00241544 -0.00450885 -0.006716 -0.00914975 -0.0118022
0.141531 0.136429 0.131996 0.128598 0.125679 0.122665 0.119787 0.11685 0.113919 0.110987 0.108091 0.104953 0.101767 0.0985758 0.0953626 0.0919776 0.0886023 0.0850767 0.0814977 0.0778759 0.0742832 0.0705844 0.0667597 0.0629523 0.0593505 0.0556979 0.0520798 0.0487011 0.0456879 0.0429129 0.0403581 0.0379225 0.0356344 0.0334168 0.0312995 0.0291878 0.0271192 0.0250643 0.0230485 0.0210171 0.0190639 0.0171091 0.0152109 0.013442 0.0118788 0.0103564 0.00894773 0.0076606 0.00644163 0.00516008 0.00388395 0.00253677 0.00114473 -0.000404451 -0.00211241 -0.00402384 -0.0060596 -0.00835521 -0.0108814
0.140518 0.135525 0.131203 0.127856 0.124945 0.121923 0.119051 0.116145 0.113258 0.110318 0.107385 0.10427 0.101124 0.0979578 0.0947514 0.0913512 0.0879817 0.0845081 0.0809993 0.0774414 0.0738851 0.0702057 0.0664354 0.0626926 0.0591366 0.0555579 0.0520589 0.048778 0.045762 0.0428605 0.0401671 0.0376494 0.0352957 0.0329836 0.0307573 0.0285267 0.0263144 0.0240871 0.0219284 0.0198134 0.0178183 0.0158329 0.013901 0.0121097 0.0105816 0.00915459 0.00789415 0.00679345 0.00577182 0.00468311 0.00361694 0.00250643 0.00133951 -1.69148e-05 -0.00154106 -0.00326469 -0.00512279 -0.0072531 -0.00961009
0.139209 0.13451 0.130363 0.12706 0.124188 0.121181 0.118321 0.115422 0.112535 0.109626 0.106762 0.103704 0.100591 0.0974425 0.0942462 0.0908949 0.0875473 0.0841095 0.0806596 0.077178 0.0737103 0.0701298 0.0664653 0.0628024 0.0593015 0.0557986 0.0524249 0.0492375 0.0462229 0.04324 0.0404529 0.0378599 0.0354065 0.0329423 0.0305573 0.0281864 0.0258291 0.0234215 0.0211012 0.0188725 0.0167809 0.0147036 0.0127036 0.010877 0.00935749 0.00799591 0.00687549 0.00596271 0.00514071 0.0042413 0.00338731 0.00250962 0.00156562 0.000402259 -0.000930005 -0.00246615 -0.00415957 -0.00613722 -0.008331
0.137894 0.133465 0.129429 0.126108 0.123275 0.120341 0.11756 0.114705 0.111817 0.108954 0.106162 0.103127 0.100068 0.0969667 0.0937821 0.0904958 0.0872482 0.0839246 0.0805398 0.0770751 0.073696 0.0702724 0.0667503 0.0631877 0.0597872 0.0563874 0.053097 0.049944 0.0469325 0.04393 0.0411065 0.0384507 0.0358816 0.0332511 0.0307029 0.0282026 0.025726 0.0231588 0.0206647 0.0182752 0.0160208 0.0138001 0.0117289 0.00988467 0.0083673 0.00704853 0.00606239 0.00535418 0.00475724 0.00408076 0.00346285 0.00282976 0.00211925 0.001161 2.86273e-05 -0.00131435 -0.00284895 -0.00470038 -0.00675864
0.136547 0.132342 0.128435 0.125141 0.122367 0.119552 0.116884 0.11407 0.111202 0.108379 0.105602 0.102579 0.0996023 0.0966012 0.0935031 0.0902758 0.087115 0.0839276 0.0806522 0.0772419 0.0739542 0.070658 0.067275 0.0638263 0.0605457 0.0572872 0.0540951 0.0509759 0.0479761 0.0449685 0.0421214 0.0393971 0.0367067 0.0339303 0.0312401 0.0286017 0.0259854 0.0232581 0.0205842 0.0179979 0.0155387 0.0131503 0.0109879 0.00909149 0.0075341 0.00623075 0.00536799 0.00485597 0.00446706 0.00399983 0.00360624 0.00321054 0.00272439 0.00195444 0.000997629 -0.000170002 -0.00155393 -0.00330272 -0.00527019
0.135015 0.131134 0.12745 0.124274 0.121602 0.118843 0.116179 0.1134 0.110612 0.10783 0.105079 0.102132 0.0992523 0.0963315 0.0933425 0.0902035 0.0871243 0.0840232 0.0808526 0.0775748 0.0744355 0.0712718 0.0680441 0.0647433 0.0615726 0.0584296 0.05537 0.0523432 0.0493766 0.0463885 0.0435387 0.0407518 0.0379611 0.035076 0.032263 0.0294645 0.0266762 0.0237945 0.020972 0.0182113 0.015557 0.0129888 0.010683 0.00866403 0.00702205 0.00572985 0.00500067 0.00469102 0.004518 0.00426467 0.00410272 0.00394161 0.00366531 0.00306565 0.00227078 0.00128394 8.21129e-05 -0.00153794 -0.00342187
0.133492 0.129839 0.126363 0.123346 0.120791 0.118079 0.115434 0.112732 0.110048 0.107334 0.104661 0.101825 0.099031 0.0961625 0.0932755 0.0902856 0.0873374 0.0843216 0.0812767 0.0781655 0.0751771 0.0721342 0.069068 0.0659461 0.0628972 0.0598549 0.056918 0.0539855 0.0510748 0.0481371 0.0453024 0.0424704 0.0396147 0.0366616 0.0337442 0.0307801 0.0278066 0.0247536 0.0217697 0.0188496 0.0160279 0.0132602 0.0107296 0.00849028 0.00670224 0.00540431 0.00481098 0.00471217 0.00477331 0.0047499 0.00481141 0.00485888 0.00476441 0.00430031 0.0036273 0.00278694 0.00174112 0.000232701 -0.00158266
0.132161 0.128673 0.12537 0.122461 0.119973 0.117358 0.114822 0.112184 0.109568 0.106941 0.10436 0.10162 0.0989069 0.0961153 0.093343 0.0904977 0.0876705 0.0847386 0.0818368 0.0789113 0.0760649 0.0731364 0.0702157 0.0672709 0.0643763 0.0614557 0.058623 0.0557644 0.0529356 0.0500654 0.0472592 0.0444191 0.0415473 0.0385682 0.0355844 0.0325096 0.0294071 0.026203 0.0230485 0.0199719 0.0170026 0.0140336 0.0112212 0.00866353 0.0066683 0.00539011 0.00499985 0.00515825 0.00546814 0.0056788 0.00595478 0.0061908 0.00625742 0.00591914 0.00535052 0.00460601 0.00364419 0.00220015 0.000444571
0.130821 0.127541 0.124444 0.121646 0.119243 0.116724 0.114272 0.111705 0.109214 0.1067 0.104175 0.10152 0.0989353 0.0962467 0.0935732 0.0908523 0.0881309 0.0852686 0.0824855 0.0797325 0.077051 0.0742868 0.0715136 0.068717 0.0659959 0.063223 0.0604995 0.0577281 0.0549907 0.0521826 0.0494052 0.0465721 0.0437049 0.0407087 0.0376745 0.0345356 0.0313621 0.0280555 0.024759 0.021524 0.0183918 0.0152163 0.0121001 0.0091521 0.00688957 0.00566006 0.00554122 0.00597238 0.00647768 0.0068398 0.00725747 0.00761857 0.00780093 0.00756776 0.00708008 0.00637687 0.00542627 0.00399149 0.00227
0.12949 0.126393 0.123499 0.120824 0.11853 0.116118 0.113768 0.111317 0.108985 0.106576 0.104069 0.101473 0.0990426 0.0964794 0.0939017 0.0913083 0.0886927 0.0859144 0.0832454 0.0806288 0.078101 0.0755157 0.0729278 0.0703057 0.0677647 0.0651497 0.0625671 0.0599181 0.057284 0.0545587 0.0518326 0.0490313 0.0461961 0.0432023 0.040142 0.0369799 0.033783 0.0304254 0.0270489 0.023709 0.0204589 0.0171451 0.0138283 0.010597 0.00812365 0.00692707 0.00700164 0.00758203 0.00814828 0.00854444 0.00900131 0.00939924 0.00963941 0.00948815 0.00907421 0.00840615 0.00746083 0.0060268 0.00432394
0.127995 0.125161 0.122509 0.119992 0.117825 0.115545 0.113343 0.111022 0.108807 0.106499 0.104073 0.101557 0.099253 0.0968409 0.0944111 0.0919376 0.0894124 0.0867246 0.084182 0.0817325 0.07939 0.0769645 0.0745457 0.0720852 0.069697 0.0672523 0.0648337 0.0623167 0.0597808 0.057135 0.0544884 0.051782 0.0490215 0.0460537 0.0429973 0.0398475 0.0366523 0.033263 0.0298492 0.0264793 0.0232042 0.0198756 0.0165545 0.0132996 0.0107676 0.00949048 0.00945778 0.00988875 0.01031 0.0106107 0.0109992 0.0113378 0.0115487 0.0114114 0.0110333 0.010395 0.00946875 0.00803425 0.00630249
0.126638 0.12414 0.121728 0.119371 0.117333 0.115156 0.113051 0.110826 0.108676 0.106427 0.104125 0.101726 0.0995118 0.0972301 0.0949553 0.0925922 0.0901612 0.0876081 0.0852128 0.0829155 0.0807313 0.0784109 0.076099 0.0737717 0.0715215 0.0692395 0.0669709 0.0645749 0.0621495 0.05962 0.057102 0.0545389 0.0519014 0.0490008 0.0459886 0.0428775 0.0396971 0.0363058 0.0329178 0.029597 0.0263657 0.023111 0.0199469 0.0168983 0.0144589 0.0130211 0.0126373 0.0126971 0.0128422 0.0129673 0.0132362 0.0134804 0.01363 0.013462 0.0130747 0.012453 0.0115604 0.0101288 0.00833366
0.125563 0.123261 0.121009 0.118766 0.11686 0.114851 0.112867 0.110731 0.108646 0.106448 0.104268 0.101984 0.0998356 0.0976583 0.0954925 0.0932236 0.090964 0.0886195 0.0863562 0.0841184 0.0819956 0.0797609 0.0775571 0.0753618 0.0732435 0.0710839 0.0689327 0.0666695 0.0643901 0.0620005 0.0596047 0.0571606 0.0546497 0.0518517 0.0489264 0.0458834 0.0427483 0.0394028 0.0360776 0.0328079 0.0295923 0.0263792 0.0233581 0.0205296 0.0181995 0.0165852 0.0158067 0.0154531 0.0152839 0.0151854 0.0152961 0.0154281 0.0155061 0.0152872 0.0148604 0.0142242 0.0133301 0.011859 0.00995994
0.124542 0.122401 0.120326 0.118183 0.116349 0.114502 0.112674 0.110636 0.108636 0.106518 0.104476 0.102352 0.100295 0.0981919 0.096094 0.0939011 0.0917958 0.0896198 0.0874885 0.0853369 0.0832883 0.0811733 0.0791021 0.0770123 0.0749957 0.0729497 0.0709317 0.0688157 0.0666755 0.0644184 0.0621588 0.059823 0.0574047 0.0547424 0.0519889 0.049106 0.046104 0.0428518 0.0395693 0.0362952 0.0330492 0.029829 0.0268761 0.0241673 0.0218692 0.0200743 0.0189546 0.0182459 0.0177904 0.0174726 0.0174104 0.0174128 0.0174086 0.0171512 0.0167132 0.016081 0.0151729 0.0136256 0.011591
0.123393 0.121519 0.119673 0.117651 0.11588 0.114115 0.112399 0.110491 0.108618 0.106606 0.104705 0.102785 0.100876 0.0988196 0.0967874 0.0947264 0.0927437 0.0906793 0.0886625 0.0865924 0.0846173 0.082625 0.0806997 0.0787285 0.0768179 0.0748906 0.0730049 0.0710082 0.0689904 0.0669042 0.0648432 0.0626513 0.0603353 0.0578348 0.0552971 0.0526224 0.049785 0.0466224 0.0433498 0.0400287 0.0367156 0.0334431 0.0304708 0.0277441 0.0253568 0.0233483 0.0219237 0.0209123 0.0202066 0.0196818 0.0194135 0.019216 0.0190575 0.0187311 0.0182956 0.0176871 0.0167535 0.01509 0.0128839
0.12224 0.120648 0.11901 0.117121 0.115457 0.113759 0.112106 0.110323 0.108611 0.106743 0.10495 0.103161 0.101392 0.0994174 0.0974967 0.0956013 0.0937346 0.0917672 0.089829 0.0878095 0.085886 0.0839792 0.0821959 0.0803945 0.0786128 0.0767972 0.075039 0.0731683 0.0712909 0.0693932 0.0675191 0.0654768 0.0633615 0.0611278 0.0588587 0.0564259 0.0537566 0.0506931 0.0474549 0.0440832 0.0406572 0.0372609 0.0341676 0.0312983 0.028737 0.0265203 0.0248509 0.023585 0.0226412 0.0219004 0.0214085 0.0209755 0.0206222 0.0201995 0.0197435 0.0191176 0.0181169 0.0163337 0.0139945
