MatLab_Code/pn_g_inv10.grd
DSAA
81 101
0 40000
0 50000
-0.279613 0.145294
[rows 0 to 25 of 101, columns 0 to 58 of 81]
0.00579906 0.0143512 0.0208213 0.0218329 0.0225468 0.0218007 0.0197722 0.0192591 0.0174366 0.014916 0.012508 0.00852509 0.00565052 0.00471853 0.000670751 -0.00282557 -0.0035686 -0.00675005 -0.0105356 -0.011974 -0.0149522 -0.0185191 -0.0208063 -0.0241513 -0.0277529 -0.0298049 -0.0322907 -0.0344826 -0.0366665 -0.03979 -0.0421513 -0.0437879 -0.0466364 -0.048627 -0.0491243 -0.0508938 -0.0527374 -0.0528571 -0.053891 -0.0550085 -0.0551993 -0.0559419 -0.0565391 -0.0560828 -0.0560885 -0.0558283 -0.0547627 -0.0542508 -0.0538498 -0.0522013 -0.0510317 -0.0501576 -0.048538 -0.0471817 -0.0463786 -0.0449571 -0.0436894 -0.0427279 -0.0416337
0.0233233 0.0342573 0.0403495 0.0407761 0.0400855 0.0389331 0.0370188 0.0357494 0.0338029 0.0315634 0.0293569 0.0265779 0.0239601 0.0221259 0.019136 0.0162766 0.0141622 0.0112016 0.008037 0.00573305 0.00269067 -0.000441499 -0.0030248 -0.00596333 -0.00898445 -0.0113604 -0.014062 -0.0165352 -0.0188759 -0.0214943 -0.0238051 -0.0256919 -0.0280838 -0.0301022 -0.0314981 -0.0333163 -0.0351117 -0.0360752 -0.0374695 -0.0387963 -0.0396435 -0.0407043 -0.0416929 -0.0418993 -0.0421034 -0.042167 -0.0418779 -0.0416744 -0.0415834 -0.0409712 -0.0405932 -0.0402568 -0.0396134 -0.0391541 -0.0389945 -0.0383953 -0.037919 -0.0376265 -0.0372474
0.0385945 0.047478 0.0521928 0.0521828 0.0510063 0.0498166 0.0480552 0.0464417 0.0445053 0.0424245 0.0402281 0.0379211 0.0353901 0.0330354 0.0304541 0.0278795 0.0251911 0.0224335 0.0196306 0.0169833 0.0140961 0.0113255 0.0086092 0.00586162 0.00313499 0.000594239 -0.00216825 -0.00478144 -0.00728235 -0.00973036 -0.012097 -0.0142141 -0.0164226 -0.0184472 -0.0202813 -0.0220797 -0.0238151 -0.0252187 -0.0267788 -0.0282455 -0.0295131 -0.0307548 -0.0319755 -0.0326656 -0.0331468 -0.033561 -0.0338588 -0.0339282 -0.0340718 -0.0341278 -0.0342566 -0.0342675 -0.0342325 -0.0343052 -0.0345453 -0.0345043 -0.0345747 -0.0347749 -0.0349383
0.0489677 0.0557554 0.0592345 0.0589555 0.0577132 0.0565517 0.0548605 0.0531925 0.0513462 0.0493702 0.0471749 0.0449447 0.0423852 0.039784 0.0371591 0.0346281 0.0319198 0.0292493 0.0264902 0.0237686 0.021001 0.018376 0.0156257 0.0129125 0.0102588 0.00769463 0.00498821 0.00237079 -0.000211545 -0.00266863 -0.00509337 -0.00733596 -0.00953119 -0.0115389 -0.0134617 -0.0152434 -0.0169455 -0.0184573 -0.0200671 -0.021644 -0.0231152 -0.0244301 -0.0257216 -0.0266419 -0.0273585 -0.0280308 -0.0286155 -0.0288531 -0.0291388 -0.0294801 -0.0298367 -0.0300298 -0.0302612 -0.0305616 -0.0309861 -0.0312245 -0.0315874 -0.0320711 -0.0325409
0.0568076 0.0625084 0.0653926 0.0650358 0.0637928 0.0625985 0.0609467 0.0593481 0.057637 0.0558666 0.0539972 0.0520619 0.0494852 0.046598 0.0437334 0.0411346 0.0384909 0.0358257 0.032998 0.0302346 0.0274884 0.0248849 0.0221509 0.0194547 0.0167995 0.0142273 0.0115447 0.00890678 0.00627469 0.00380007 0.00137132 -0.000927638 -0.00319618 -0.0052799 -0.00728578 -0.00913492 -0.0108747 -0.0124376 -0.0141426 -0.0159232 -0.0176476 -0.0191532 -0.0205817 -0.021695 -0.0226486 -0.0235477 -0.0243414 -0.0248082 -0.0253312 -0.0259082 -0.0264821 -0.0269228 -0.0274474 -0.0280394 -0.0287362 -0.0292834 -0.0299609 -0.0307417 -0.0315048
0.0640316 0.0687168 0.0710298 0.0705665 0.0692997 0.0680321 0.0663772 0.0648522 0.0632994 0.0618364 0.0604919 0.0589756 0.0563172 0.0529783 0.0497101 0.0469115 0.0442419 0.0415819 0.0387627 0.036033 0.0333286 0.0307364 0.0280553 0.0254245 0.0228017 0.0202479 0.0175855 0.0149345 0.0122876 0.00982449 0.00742663 0.00511184 0.00277847 0.000619298 -0.00142474 -0.00328475 -0.00500825 -0.00654956 -0.00826849 -0.010189 -0.0121564 -0.0138895 -0.0154695 -0.0167379 -0.0178498 -0.0188699 -0.0197898 -0.0204701 -0.0212185 -0.0219697 -0.0227017 -0.023351 -0.0241221 -0.0249736 -0.0259242 -0.0267384 -0.0276546 -0.0286443 -0.0296182
0.0705656 0.074258 0.0760471 0.0754899 0.0742471 0.0729566 0.07128 0.0697979 0.0683939 0.067192 0.0661894 0.0649006 0.0622075 0.0586353 0.0551646 0.0522553 0.0495437 0.0468874 0.0441124 0.0414467 0.0388045 0.0362299 0.0335913 0.0310163 0.0284254 0.025881 0.0232345 0.0205936 0.0179432 0.0154322 0.0129665 0.0105841 0.00819182 0.00597572 0.00389677 0.00199652 0.000224617 -0.00136649 -0.00312076 -0.00514561 -0.00732756 -0.00929996 -0.0110625 -0.0125032 -0.0137705 -0.0149124 -0.0159665 -0.0168548 -0.0178182 -0.0187651 -0.0197125 -0.0206155 -0.0216357 -0.0227367 -0.0239502 -0.0250481 -0.0262079 -0.0274149 -0.0286352
0.0767194 0.0796648 0.0809874 0.0802857 0.0790182 0.0776759 0.0759344 0.0744004 0.0729803 0.0717194 0.0705659 0.0691508 0.0665684 0.063241 0.0599795 0.0571782 0.0545041 0.0518886 0.0491691 0.0465374 0.0439296 0.0413745 0.0387649 0.0362267 0.0336602 0.0311239 0.0285188 0.0259348 0.0233082 0.0207309 0.0181708 0.015738 0.0133401 0.0110989 0.00896978 0.00698691 0.00510422 0.00338863 0.00155389 -0.000527144 -0.00279199 -0.00487823 -0.00673859 -0.00827641 -0.00964156 -0.0108839 -0.0120463 -0.0130634 -0.0141531 -0.0152568 -0.0164068 -0.0175423 -0.0187726 -0.0200636 -0.02148 -0.0228223 -0.0241996 -0.0255986 -0.0270325
0.0824169 0.0847055 0.0855944 0.0847523 0.083445 0.0820895 0.0803778 0.0788096 0.0773012 0.0757787 0.0742129 0.0725246 0.0701504 0.067347 0.0645085 0.0619102 0.0593348 0.0568022 0.0541496 0.0515396 0.0489487 0.0464072 0.0438326 0.0413494 0.0388222 0.0362927 0.0337068 0.0311417 0.0285118 0.025885 0.0232731 0.0208024 0.01837 0.0160411 0.0137726 0.0116179 0.00954403 0.00762671 0.00564179 0.00350373 0.00124627 -0.000855513 -0.00277144 -0.00439833 -0.00586559 -0.00723057 -0.00853296 -0.00969593 -0.0109262 -0.0122074 -0.0135723 -0.014956 -0.0164384 -0.017968 -0.019625 -0.0212481 -0.0228923 -0.0245245 -0.0261806
0.0879812 0.0896521 0.0901396 0.0891294 0.0877051 0.0862982 0.0846433 0.0830358 0.0814097 0.0796869 0.0778235 0.0759314 0.073704 0.0713124 0.0688288 0.0663741 0.063867 0.0613813 0.0587488 0.0561555 0.0536266 0.0511512 0.0486614 0.0462713 0.0438064 0.0412966 0.0387167 0.0361408 0.0335045 0.0308828 0.0282693 0.0257553 0.0232635 0.0208374 0.0184309 0.0161157 0.0138613 0.0117417 0.00961197 0.00746168 0.00529889 0.00326372 0.00132708 -0.000376688 -0.00191531 -0.00335814 -0.00476064 -0.00603819 -0.00738935 -0.00882916 -0.0103735 -0.0119585 -0.0136704 -0.0154489 -0.0173452 -0.0192088 -0.0210734 -0.0229026 -0.0247427
0.0933286 0.0944038 0.0945183 0.0933337 0.0917957 0.0903698 0.088777 0.0871394 0.0854477 0.0836991 0.0817591 0.0798087 0.0776873 0.0754913 0.0731916 0.0708172 0.0683586 0.0658909 0.0632826 0.0607618 0.058357 0.0559835 0.0535705 0.0512269 0.0487874 0.0462969 0.0437448 0.041191 0.0385603 0.0359273 0.0332599 0.0306342 0.0280436 0.0255365 0.0230337 0.0205861 0.0181526 0.0158197 0.0135241 0.0113206 0.00919349 0.00716134 0.00515596 0.00335081 0.00171613 0.000168069 -0.00134191 -0.00271745 -0.00416444 -0.00575814 -0.00752333 -0.009364 -0.0113467 -0.0134203 -0.0155921 -0.0176964 -0.0197791 -0.0218282 -0.0239049
0.0983701 0.0989366 0.0986529 0.097293 0.095714 0.0943038 0.0927092 0.0910216 0.0892864 0.0875233 0.0855655 0.0836028 0.0815319 0.0793781 0.0771161 0.0748074 0.0724243 0.0700097 0.0674845 0.0650741 0.0627903 0.0605017 0.0581227 0.0557833 0.0533766 0.050945 0.0484583 0.0459455 0.0433178 0.0406668 0.0379593 0.0352363 0.0325476 0.0299829 0.0274195 0.0248713 0.0223048 0.0198237 0.017411 0.0151374 0.0129754 0.0108959 0.00883661 0.00697582 0.0052662 0.00362421 0.00205483 0.000678704 -0.000743757 -0.00241542 -0.00441619 -0.00656495 -0.00882751 -0.0111509 -0.0135366 -0.0158339 -0.0181051 -0.0203494 -0.0226405
0.102965 0.102957 0.102293 0.10088 0.0993247 0.0978815 0.0962556 0.0945443 0.0927863 0.0909972 0.0890411 0.0870947 0.0850632 0.0829191 0.0806613 0.0784192 0.0761155 0.0737809 0.0713874 0.0690843 0.0668679 0.0646387 0.0622975 0.0599883 0.0576522 0.0552993 0.0528549 0.0503234 0.0476456 0.0449616 0.0422467 0.0394666 0.0366712 0.0339943 0.0313046 0.0286252 0.0259582 0.0233942 0.0209155 0.0185603 0.0162862 0.0141028 0.0119892 0.0100728 0.00826337 0.00650898 0.0048833 0.00352053 0.00212619 0.000353423 -0.00192676 -0.00441945 -0.00696876 -0.00951228 -0.012078 -0.0145697 -0.0170529 -0.01951 -0.0220089
0.107839 0.107174 0.106101 0.104629 0.103047 0.101487 0.0998035 0.0980632 0.0962822 0.0944812 0.0925436 0.0906205 0.0886199 0.0865037 0.0842767 0.0820845 0.0798154 0.07752 0.0752284 0.0730217 0.0708454 0.0686673 0.0664038 0.0641845 0.0619443 0.0596535 0.0572167 0.0546645 0.0519797 0.0492917 0.0465604 0.0437241 0.0408453 0.0380447 0.0352062 0.0324155 0.0296847 0.0270537 0.0245171 0.0220935 0.0197048 0.0174179 0.0152624 0.0132907 0.0113758 0.00949866 0.00777151 0.00632182 0.00482926 0.00290519 0.000435928 -0.00225027 -0.0049715 -0.00765872 -0.0103551 -0.013013 -0.01568 -0.0183138 -0.0209772
0.112584 0.111409 0.109943 0.108329 0.10671 0.105109 0.103435 0.101703 0.0999113 0.0980922 0.0961572 0.0942339 0.0922429 0.0901747 0.0880089 0.0858672 0.0836545 0.0814158 0.0791732 0.0770132 0.0748672 0.0727342 0.0705598 0.0684522 0.0663216 0.0640844 0.0616377 0.0591 0.0564835 0.0538013 0.050998 0.0480725 0.0450994 0.0421589 0.0391735 0.0362733 0.0334365 0.0306647 0.0280092 0.0255067 0.0230305 0.0206549 0.0184279 0.016345 0.0142722 0.0122133 0.0102758 0.0085541 0.00677495 0.0046565 0.0021171 -0.000621483 -0.00343802 -0.00624376 -0.00907049 -0.0118997 -0.0147536 -0.0175571 -0.0203857
0.117043 0.115456 0.113604 0.111802 0.110148 0.108529 0.106839 0.10509 0.103288 0.101457 0.0995235 0.0975944 0.0956012 0.0935348 0.0913815 0.0892522 0.0870767 0.0848826 0.0826773 0.0805727 0.0784927 0.0764115 0.0743095 0.0722805 0.0702283 0.0680643 0.0656973 0.0632558 0.0607199 0.0580177 0.0551336 0.0521372 0.0490661 0.0459719 0.0428443 0.0398311 0.036893 0.0340118 0.0312559 0.0286731 0.0261321 0.0237008 0.0214101 0.0192142 0.0169925 0.0147693 0.0126243 0.0106046 0.00852364 0.00625111 0.00370975 0.000969854 -0.00189841 -0.00477347 -0.00767921 -0.010625 -0.0136026 -0.0165177 -0.0194657
0.120946 0.118928 0.116786 0.114872 0.113184 0.111509 0.109746 0.10797 0.10621 0.104414 0.102488 0.10055 0.0985468 0.0964421 0.0942656 0.0921436 0.0900178 0.0878685 0.0857065 0.0836675 0.0816558 0.079622 0.0775894 0.0756124 0.0735947 0.0715216 0.0693168 0.0669863 0.0644479 0.0616785 0.0587197 0.0556439 0.0524496 0.0491883 0.0459149 0.0427877 0.0397737 0.0368183 0.0339488 0.031238 0.0286152 0.0261237 0.0237532 0.021437 0.0190741 0.016707 0.0143906 0.0121302 0.00979969 0.00736484 0.00475595 0.00196737 -0.000952122 -0.00388506 -0.00686853 -0.00991532 -0.0129896 -0.0160053 -0.0190672
0.124541 0.122084 0.119703 0.117656 0.115846 0.114081 0.112279 0.110505 0.108749 0.106901 0.104919 0.10294 0.100914 0.0988144 0.0966681 0.0945647 0.0924687 0.0903575 0.0882142 0.0861765 0.0841902 0.0822027 0.080249 0.0783579 0.0764378 0.0744997 0.0724545 0.0701996 0.0676255 0.0647787 0.0617276 0.0585431 0.0552315 0.05187 0.048514 0.0452927 0.042203 0.0391691 0.0361998 0.0334061 0.0307528 0.0282278 0.0257839 0.0233503 0.0208626 0.0183889 0.0159671 0.0135717 0.0110891 0.00850996 0.00580658 0.00298469 6.8797e-05 -0.00288186 -0.00592264 -0.0090447 -0.0121817 -0.0152653 -0.0184104
0.127952 0.125096 0.122475 0.120282 0.118389 0.116575 0.114749 0.112971 0.111171 0.109246 0.107229 0.105214 0.103177 0.101111 0.0989712 0.0968247 0.0946993 0.092613 0.0904783 0.0884177 0.0864692 0.084548 0.0826573 0.0808493 0.0790489 0.0772432 0.0753287 0.0731714 0.0706384 0.0677192 0.0645009 0.0611387 0.0576804 0.0542249 0.0507956 0.0474686 0.0442648 0.0411291 0.0380986 0.035279 0.0325979 0.0300069 0.027461 0.0248953 0.0222862 0.0197168 0.0171983 0.0146899 0.0120893 0.00937675 0.00656016 0.00367988 0.000740971 -0.00224795 -0.00534879 -0.0085448 -0.0117544 -0.0149194 -0.0181602
0.13121 0.127939 0.125016 0.122696 0.12078 0.11892 0.117006 0.115147 0.113292 0.111353 0.109358 0.107312 0.105218 0.103124 0.100954 0.0987486 0.0965704 0.094456 0.0923163 0.0902501 0.088339 0.0864782 0.0846195 0.0828511 0.0811204 0.0794021 0.0776007 0.0755814 0.0731588 0.070194 0.0668117 0.063288 0.0597122 0.0561597 0.0526422 0.0492356 0.0459647 0.0427781 0.0397491 0.0369404 0.0342196 0.0315513 0.0289355 0.0263088 0.023649 0.0210225 0.0184159 0.0158015 0.0131204 0.0103408 0.00746497 0.0045286 0.00153214 -0.00150678 -0.00463332 -0.00785693 -0.0111105 -0.0143378 -0.0176477
0.133937 0.13027 0.127055 0.124635 0.12269 0.120775 0.118795 0.116859 0.114961 0.113014 0.111037 0.108969 0.106817 0.104674 0.102491 0.100261 0.0980196 0.0958304 0.0936892 0.0916199 0.0896607 0.0877629 0.0859128 0.0841657 0.082456 0.0807781 0.079057 0.0771275 0.0747413 0.0717173 0.0682422 0.0646511 0.0610325 0.0574159 0.0538263 0.0503784 0.0470988 0.0439018 0.0408678 0.038041 0.0352648 0.032535 0.0299052 0.0272888 0.0246158 0.0219249 0.0192146 0.016493 0.0137404 0.0109226 0.00802072 0.0050364 0.00196727 -0.00113878 -0.00430337 -0.00756206 -0.0108581 -0.0141415 -0.0175191
0.136417 0.132408 0.128954 0.12641 0.124352 0.122339 0.120318 0.11831 0.116318 0.114263 0.112209 0.110131 0.107979 0.1058 0.103563 0.101249 0.0989185 0.0966644 0.0945201 0.0924371 0.090397 0.0884029 0.0865437 0.0848051 0.0830636 0.0813489 0.0796304 0.0777158 0.0753111 0.0722545 0.0687825 0.0652179 0.0616255 0.0580098 0.0544182 0.0509953 0.0477649 0.044604 0.0415851 0.0387639 0.0359909 0.0332683 0.0306741 0.0280899 0.0254104 0.0226771 0.0199131 0.0171326 0.0143304 0.0114847 0.00857632 0.00558408 0.00250066 -0.000631153 -0.00382679 -0.0071172 -0.0104306 -0.0137338 -0.0171442
0.138595 0.134272 0.130599 0.127958 0.125782 0.12364 0.12156 0.119502 0.117436 0.115281 0.113117 0.110987 0.108811 0.106568 0.104243 0.101855 0.0994836 0.097175 0.0949673 0.0928083 0.0906843 0.0886117 0.0866964 0.0848862 0.0830463 0.0812074 0.0793744 0.077376 0.0749263 0.0719074 0.0685403 0.0650431 0.0615095 0.0579683 0.0544506 0.0510971 0.0479313 0.0448263 0.0418596 0.0390873 0.0363648 0.0336792 0.0311016 0.0285029 0.0257917 0.0230338 0.0202577 0.0174452 0.0146021 0.0117293 0.0088035 0.00579484 0.00271225 -0.000425927 -0.00365546 -0.00698865 -0.0103235 -0.0136472 -0.0170908
0.140505 0.13585 0.131949 0.129269 0.127037 0.124764 0.122575 0.120417 0.118271 0.116079 0.113859 0.111611 0.109298 0.106931 0.104527 0.102096 0.0996862 0.0972983 0.0950011 0.0927285 0.0904955 0.0883428 0.0863047 0.0843339 0.08235 0.0803384 0.0783231 0.0761774 0.07365 0.0706902 0.0674783 0.0641197 0.0607382 0.057369 0.0539967 0.0507531 0.0476867 0.0446946 0.0418454 0.0391592 0.0365079 0.033874 0.0313133 0.0287178 0.0260275 0.0232944 0.0205347 0.0177187 0.0148775 0.0120227 0.00910472 0.00608163 0.00301231 -9.19955e-05 -0.00330553 -0.00664181 -0.00998212 -0.0133259 -0.0167902
0.14208 0.137108 0.133008 0.13026 0.127965 0.1256 0.123335 0.121054 0.11879 0.116565 0.114327 0.111978 0.109556 0.10709 0.104591 0.102097 0.099626 0.0971253 0.0947109 0.0923321 0.0899845 0.0877091 0.0855082 0.0833333 0.0811624 0.0789547 0.076726 0.0744051 0.0718084 0.0688919 0.0658031 0.0626242 0.0594513 0.0562707 0.0530489 0.0499218 0.046978 0.0441528 0.0414675 0.0388821 0.0363049 0.0337193 0.0311763 0.0286168 0.0259972 0.0233079 0.0205528 0.0177251 0.0148835 0.0120462 0.00913841 0.00609296 0.00302079 -4.99449e-05 -0.0032254 -0.00654654 -0.00989935 -0.0132873 -0.0167905
0.14328 0.138164 0.133908 0.130966 0.128529 0.126086 0.123768 0.121413 0.119065 0.116757 0.11442 0.111967 0.109483 0.10696 0.104366 0.101774 0.0992338 0.0966546 0.094102 0.0915442 0.0890149 0.0865467 0.0841561 0.0817855 0.0794303 0.0770374 0.074633 0.0721764 0.0695379 0.0666608 0.063684 0.0606705 0.0576788 0.0546885 0.0516691 0.0487177 0.0459417 0.0433088 0.0407877 0.0383118 0.0358501 0.0333712 0.0308975 0.0284113 0.0258841 0.0232492 0.0205123 0.0176952 0.014869 0.012062 0.0092007 0.0061872 0.0031398 0.000104522 -0.00302281 -0.00630658 -0.0096429 -0.0130382 -0.0165526
