MatLab_Code/pn_g_inv10_g_res.grd
DSAA
81 101
0 40000
0 50000
-0.00267852 0.00661681
[rows 0 to 24 of 101, columns 0 to 55 of 81]
0.00171201 -7.84142e-05 0.00253748 -0.00133729 0.00127033 0.000433783 -0.000813143 0.000605298 -6.29239e-05 -0.00113795 0.000534327 -0.000660553 -0.00185599 0.000661765 -0.00104501 -0.00243118 0.000523835 -0.00112644 -0.00226755 -1.05787e-05 -0.000865121 -0.00201747 -0.000202582 -0.000884086 -0.00175776 -0.000202147 -0.00126411 -0.00128443 -0.00025813 -0.00136575 -0.0012682 -0.000107574 -0.000981479 -0.0016569 0.000192191 -0.000619235 -0.00154849 0.000356051 -0.000412027 -0.00101416 0.000387795 -0.000223361 -0.000597245 0.000441358 4.04935e-05 -0.000471704 0.000576386 0.000362006 -0.000412436 0.000733597 0.000631678 -0.00012706 0.000791687 0.000818366 0.000248486 0.000809655
0.00142547 0.00177268 0.00279613 0.000778169 0.00138818 0.00105116 0.000704672 0.000831203 0.000628281 0.00017598 0.000541134 0.000599432 0.000193081 0.00026615 0.000344903 0.000273939 0.000312564 1.13972e-05 1.96851e-05 0.000299426 -9.11203e-05 -0.000331924 0.000111401 -8.6822e-05 -0.000158354 0.000269582 -0.000165746 -0.000262767 0.000154935 -2.04851e-05 -6.63107e-05 0.000260071 0.000219828 -1.82614e-05 0.000362987 0.000159411 -5.01219e-05 0.000493844 0.000183284 -6.16753e-06 0.000556188 0.000365275 0.000128452 0.000487304 0.000572627 0.000373676 0.000630108 0.000727124 0.000476307 0.000800413 0.00075687 0.00048593 0.000865114 0.000771165 0.000489289 0.000780944
0.0019243 0.00103115 0.00079346 -0.000205038 0.000287567 0.000215704 -4.81874e-05 -0.000177596 -0.000185011 -0.000388532 -0.000510237 -0.000570971 -0.000677635 -0.00102179 -0.000959658 -0.000915599 -0.00126426 -0.00119306 -0.000980754 -0.00110974 -0.00109316 -0.000938265 -0.000945196 -0.00105078 -0.000958628 -0.000916225 -0.0010041 -0.00103179 -0.000946152 -0.000921159 -0.000969333 -0.000947891 -0.000842688 -0.000860185 -0.000838874 -0.000727805 -0.000623484 -0.000498867 -0.000449475 -0.000409712 -0.000246781 -0.000138581 -0.000231702 -0.000165189 5.55565e-05 3.0299e-05 -6.28387e-05 0.000131248 0.000211785 0.000196235 0.000277737 0.000372066 0.000492705 0.000558599 0.000493776 0.000656221
0.00157052 0.000893434 0.000995361 0.000397866 0.000740913 0.000675863 0.000377091 0.000273615 0.000384319 0.000305212 0.000175849 -3.72478e-05 -3.90882e-05 -0.000179151 -0.000215778 -0.000317254 -0.000439469 -0.000452348 -0.000417435 -0.000495618 -0.000530962 -0.000461151 -0.000535183 -0.000656844 -0.000590616 -0.000597216 -0.000599597 -0.000566047 -0.000553461 -0.00059738 -0.000663729 -0.000698312 -0.000661136 -0.000611685 -0.000525114 -0.000487384 -0.000444193 -0.000378008 -0.000306945 -0.000310244 -0.000224083 -8.9615e-05 -0.000139858 -0.000131206 5.55155e-05 3.24209e-06 -7.21531e-05 0.000111293 0.000207776 0.000166547 0.000233961 0.000311215 0.000418451 0.000497071 0.000468413 0.00059477
0.00161388 0.0016139 0.00179269 0.00116496 0.00132264 0.00116322 0.0008541 0.000726633 0.000780233 0.000582994 0.000454924 0.000410179 0.000425989 0.000362186 0.000433222 0.000384415 0.000370749 0.000304439 0.000223259 0.000173897 0.000109891 0.000184343 0.000154465 9.14556e-05 0.00012545 9.72932e-05 0.000103742 0.000108391 0.000125625 0.00013415 0.000146546 0.000155016 0.000178895 0.00022623 0.000256382 0.0002296 0.000210915 0.00026888 0.000290727 0.000217274 0.000282173 0.000390731 0.000339631 0.00035915 0.000506104 0.000459125 0.000410675 0.000577328 0.000619598 0.000554356 0.000583265 0.000606409 0.000620935 0.000639681 0.000567654 0.000654232
0.0016088 0.00127418 0.00128549 0.000740573 0.000903401 0.000741858 0.000539198 0.000530055 0.000555648 0.000265806 0.000212184 0.000347844 0.000217012 5.9899e-05 0.000110262 1.45534e-05 3.9788e-05 1.3533e-05 5.0112e-06 3.33059e-06 -3.82663e-05 -4.05329e-05 -3.80012e-05 -5.45003e-05 -4.78985e-05 -4.99072e-05 -4.03434e-05 -6.05408e-05 -7.72365e-05 -6.08222e-05 1.29637e-05 4.64975e-05 2.20663e-05 1.61617e-05 6.33936e-05 5.94226e-05 5.68816e-05 0.000141668 0.000209152 0.00014672 0.000181385 0.000282133 0.000266738 0.000286426 0.000395752 0.000376277 0.000382858 0.000488616 0.000480732 0.000466125 0.00055539 0.000598223 0.000613684 0.00063028 0.000585123 0.000669905
0.00153955 0.00120887 0.00130894 0.000796083 0.000920124 0.000877133 0.000634438 0.000614759 0.00068191 0.000429462 0.0003976 0.00058661 0.000417035 0.00014109 0.000188577 0.00012485 7.4768e-05 1.7996e-05 -2.46931e-05 -1.83468e-05 -8.59578e-06 -7.69678e-05 -8.00913e-05 -7.89878e-05 -6.94012e-05 -6.95244e-05 -9.24393e-05 -0.000129687 -0.000135737 -0.000118632 -8.13731e-05 -7.20508e-05 -0.000106685 -0.000114288 -4.07171e-05 -4.53144e-05 -5.41381e-05 -2.1834e-06 0.000105158 0.000106824 0.000101065 0.000175848 0.000195335 0.000181488 0.000262627 0.000267809 0.000297585 0.000362055 0.000333463 0.000355393 0.000422988 0.000448121 0.000492815 0.000529115 0.000479025 0.000548068
0.00140883 0.00116312 0.00132612 0.000815382 0.00102837 0.000974712 0.000646141 0.000713491 0.000665717 0.000525093 0.00048508 0.000550501 0.000448572 0.000263399 0.000360159 0.000373377 0.000292669 0.000263496 0.000199589 0.000167753 0.000180044 0.00016231 0.000146745 0.000129129 0.000116381 9.12833e-05 9.24152e-05 8.12192e-05 0.000112425 9.15219e-05 5.20635e-05 5.88837e-05 6.22465e-05 6.17015e-05 0.000141713 0.000142089 0.000128176 0.000124469 0.000197974 0.000207655 0.000197837 0.000249089 0.000267672 0.000271531 0.000338489 0.000318952 0.000339172 0.000416115 0.000426998 0.000435948 0.000476897 0.000478793 0.000525284 0.000585523 0.000563832 0.00060455
0.00145698 0.00129551 0.0013217 0.000926178 0.00102681 0.00101459 0.00079754 0.000711401 0.000860213 0.000644429 0.000535886 0.000513556 0.00052453 0.000481339 0.000449231 0.000466895 0.000360943 0.000376486 0.000374282 0.000365364 0.000354948 0.000323083 0.000263706 0.000257624 0.000253512 0.00022053 0.000239745 0.000250034 0.000297967 0.000239451 0.000219263 0.000245028 0.000272063 0.000253218 0.000303903 0.000306874 0.000288719 0.000308824 0.000359343 0.000343315 0.000328776 0.000361548 0.000383363 0.000405468 0.000466088 0.000428646 0.00042011 0.000483212 0.00051456 0.000532262 0.000564682 0.000543228 0.000545905 0.000599174 0.000592746 0.000594426
0.0012343 0.00108775 0.00112361 0.000800983 0.00097566 0.000876451 0.000805117 0.000694785 0.000811688 0.000624919 0.000581897 0.000605281 0.000442897 0.000500977 0.000454724 0.000424502 0.000333782 0.000405648 0.000345919 0.00028257 0.000312181 0.000269807 0.000220597 0.000261723 0.000274659 0.000242391 0.000258899 0.000192989 0.000202339 0.000180321 0.000228992 0.000244024 0.000257144 0.000223867 0.000221823 0.000215656 0.000225056 0.000248926 0.000276443 0.000265062 0.000286777 0.000348282 0.000352788 0.000338395 0.000410146 0.000420011 0.000415407 0.000482082 0.000509442 0.000486694 0.000533927 0.000554402 0.000536581 0.00058089 0.000595525 0.000598225
0.00122464 0.00101647 0.00117259 0.000945824 0.000910019 0.000782949 0.00081628 0.000680797 0.000657102 0.00068878 0.000601765 0.000592249 0.000606437 0.000461202 0.000582695 0.000406677 0.000407648 0.000412178 0.000382939 0.000288064 0.000371454 0.000309413 0.000289756 0.00034396 0.000316965 0.000285699 0.000277879 0.000266024 0.000256944 0.000254799 0.000263978 0.000234075 0.000265166 0.000244176 0.000241673 0.000267884 0.000287565 0.000309688 0.000325103 0.000321322 0.00037167 0.000427473 0.000394386 0.000361005 0.000443701 0.000463177 0.00045417 0.000502565 0.000496804 0.00046014 0.000487004 0.000545498 0.000568103 0.00056538 0.000537067 0.000563102
0.00122224 0.00114435 0.00114773 0.00089137 0.000938004 0.00100329 0.000935065 0.000812735 0.000821982 0.00082583 0.000770869 0.000750415 0.00074207 0.000670462 0.000704945 0.000631742 0.000637775 0.000620252 0.000549944 0.000516934 0.000620073 0.000560981 0.000514802 0.00052828 0.000489553 0.000449171 0.00044711 0.000489987 0.000493338 0.000488407 0.000497464 0.000416358 0.000414152 0.00046031 0.000462964 0.00049408 0.000476733 0.00047861 0.00046512 0.000425523 0.000481149 0.000513156 0.000457351 0.000456641 0.00055095 0.00054226 0.000499369 0.000509032 0.000527478 0.000515631 0.000545506 0.000587487 0.000633689 0.00063736 0.000603506 0.000632508
0.000870774 0.000947785 0.000918127 0.000812347 0.000800687 0.000866329 0.000770714 0.000729796 0.000725034 0.000691383 0.00058646 0.000538809 0.00057154 0.000479387 0.000462091 0.000431735 0.000477686 0.000479782 0.000511667 0.000359467 0.000420815 0.000383271 0.00034697 0.00033513 0.000350166 0.000348425 0.000355468 0.000350414 0.000299868 0.000271021 0.000351136 0.000346693 0.000286134 0.000331376 0.000331104 0.000318569 0.00031688 0.000322986 0.000354964 0.000339861 0.000386243 0.000424921 0.000397762 0.000414892 0.000483644 0.000458568 0.000427984 0.000456842 0.000540956 0.000592933 0.000536851 0.000517032 0.000565314 0.000573025 0.000553645 0.000593615
0.000991416 0.000919875 0.00076365 0.000901673 0.000901879 0.000788427 0.000810105 0.000717499 0.00074973 0.000737249 0.000723738 0.000711844 0.000755844 0.000701964 0.000650499 0.000675198 0.000607277 0.000489831 0.000532422 0.000550261 0.000530953 0.000564051 0.000493167 0.000503543 0.000467518 0.000451254 0.000473847 0.000498689 0.000416958 0.00038021 0.000471005 0.000428135 0.000397943 0.000466422 0.000398743 0.000365352 0.000400108 0.000426661 0.000464277 0.000468886 0.000434988 0.000417465 0.000427883 0.000458988 0.000511826 0.000493861 0.000463228 0.000510868 0.0006284 0.000627445 0.000532349 0.000517331 0.000568667 0.000576204 0.000594406 0.000596144
0.000776785 0.000905518 0.000809555 0.000911962 0.000887486 0.000810687 0.000822938 0.000783586 0.000792952 0.000818914 0.000732282 0.000726226 0.000678491 0.00068511 0.000615581 0.000651093 0.000643125 0.000673554 0.000632098 0.000626825 0.00055638 0.00058163 0.000532543 0.000575537 0.000552682 0.000592687 0.000517606 0.000487854 0.000510094 0.000499136 0.000546793 0.000464702 0.000466048 0.000532296 0.000460438 0.000512272 0.000553305 0.000497513 0.000473115 0.000529498 0.000527615 0.000513924 0.000532264 0.000542814 0.000585545 0.00056461 0.000537005 0.00056066 0.000582739 0.000554389 0.000522247 0.000578795 0.000614639 0.000618946 0.000604751 0.000622055
0.000713122 0.000907163 0.000597299 0.000734555 0.000736753 0.000681069 0.000825881 0.000777986 0.000766213 0.000691276 0.000664353 0.00067618 0.000638259 0.000674067 0.000674968 0.000697665 0.000622398 0.000630824 0.000576505 0.000584198 0.00055619 0.000585434 0.000515577 0.000525793 0.000568807 0.000595951 0.000490425 0.000471514 0.000574834 0.000519274 0.000482665 0.000466872 0.000469429 0.000515679 0.000465203 0.000480139 0.000484984 0.000414655 0.000424849 0.000539973 0.000519002 0.000503269 0.000533909 0.000527446 0.000539101 0.000525998 0.000534435 0.000547997 0.000530756 0.000527565 0.000595665 0.000625588 0.000617573 0.000609406 0.000654079 0.000651172
0.00064685 0.000908509 0.000643791 0.00082068 0.000910781 0.000874551 0.000807238 0.000744723 0.000776275 0.000839493 0.000827519 0.000787057 0.00085535 0.000780914 0.000685779 0.00067003 0.000679895 0.000678846 0.000629152 0.000673428 0.000715894 0.00065822 0.000657513 0.000671866 0.000582254 0.000582075 0.000596585 0.000623409 0.00066321 0.000607679 0.00061101 0.000603036 0.000600957 0.000552693 0.000491239 0.000561797 0.000584979 0.000545197 0.0005529 0.000594034 0.000558456 0.00053732 0.000554518 0.000563889 0.000588009 0.000583715 0.000611474 0.000616084 0.000578764 0.000592408 0.000644967 0.000618499 0.000560304 0.000563575 0.00060105 0.000601314
0.000552192 0.000656564 0.00045406 0.000721827 0.000663893 0.000643682 0.000729875 0.000637052 0.000750999 0.000709513 0.000660061 0.000688854 0.000679096 0.000605059 0.000675718 0.000662078 0.000700559 0.000669677 0.000606471 0.000646257 0.000621097 0.000589248 0.000581124 0.00060857 0.000555162 0.000550103 0.000555028 0.000560931 0.000482862 0.000464248 0.000503649 0.000521718 0.000519229 0.000508524 0.000481909 0.00049356 0.000554994 0.000515835 0.00049195 0.00049839 0.00051088 0.000498972 0.000528601 0.000544636 0.000543578 0.000532258 0.000557285 0.000582839 0.000569642 0.000568691 0.000607874 0.000599061 0.000589881 0.000607913 0.000631912 0.000616919
0.000472739 0.000660583 0.00061607 0.000708558 0.000696668 0.000697455 0.000721292 0.000769726 0.000804006 0.000726116 0.000729615 0.00070893 0.000730121 0.000770751 0.000717324 0.0007506 0.000670524 0.000747699 0.00070835 0.000636057 0.000697178 0.000595398 0.000623157 0.00064515 0.000642333 0.000657874 0.000675889 0.000643049 0.00058681 0.000596376 0.000580066 0.000621541 0.000558553 0.000589561 0.000605766 0.000581762 0.000605967 0.000577263 0.000539735 0.000568804 0.000588874 0.000575679 0.000614855 0.000601405 0.000580128 0.000571809 0.000585105 0.000612715 0.000618107 0.000592513 0.000588564 0.000596776 0.000622275 0.000643059 0.000642673 0.000601065
0.000504833 0.000645898 0.000526742 0.000704949 0.000735544 0.000793164 0.00076163 0.000789893 0.000808785 0.000754428 0.000780848 0.000815143 0.000765631 0.000839205 0.000786327 0.000727885 0.000670141 0.000786859 0.000728682 0.000688326 0.000758472 0.000830585 0.000721375 0.000772544 0.000737756 0.000721607 0.000687896 0.00066519 0.000770209 0.000761106 0.000671986 0.000704537 0.000644952 0.000652819 0.000629961 0.000593091 0.000631407 0.00058984 0.000597192 0.000665679 0.000659922 0.00063021 0.000648482 0.000626583 0.00060087 0.000631743 0.000649644 0.000635649 0.000650772 0.000634223 0.000626174 0.000631362 0.000627908 0.000636438 0.000663169 0.00065523
0.000322863 0.000583054 0.000346274 0.000593588 0.000620214 0.000649296 0.000604826 0.000625578 0.000713687 0.00068606 0.000809601 0.000729104 0.00069123 0.0006748 0.000691736 0.000746976 0.000786627 0.000721065 0.000725619 0.000673188 0.000673534 0.000698127 0.000649614 0.0006621 0.000634863 0.000653532 0.000640798 0.000592067 0.000661949 0.000630667 0.00059973 0.000625986 0.000622141 0.000640556 0.000612791 0.000580382 0.000651205 0.000586978 0.000579934 0.000651289 0.000618338 0.000559849 0.000601647 0.000614919 0.000608403 0.000625632 0.000610016 0.000594012 0.000611575 0.000624303 0.000641624 0.000651143 0.000603485 0.000590548 0.000637047 0.000621779
0.000284842 0.000496833 0.000337379 0.000616912 0.000648364 0.000653869 0.000773503 0.000699157 0.000812051 0.000689644 0.00077102 0.000801233 0.000745837 0.000762547 0.00080071 0.000763745 0.000709691 0.000695461 0.000791883 0.000771987 0.000778487 0.000695627 0.000696132 0.000765837 0.000720216 0.000695461 0.000711253 0.000738712 0.000747213 0.00066711 0.000563677 0.00067093 0.000677093 0.000679343 0.000636583 0.00060619 0.00068869 0.000647969 0.000606276 0.000656694 0.00062722 0.000555819 0.000610249 0.00065271 0.000635626 0.000648999 0.000627219 0.000627185 0.000636727 0.000631266 0.000639889 0.000663802 0.000634751 0.000638236 0.000677061 0.000670016
0.000262809 0.00055605 0.000367287 0.000659175 0.00057092 0.000597551 0.000681257 0.000700661 0.000731403 0.000721384 0.00066401 0.000731038 0.000782617 0.000807985 0.00077863 0.000748676 0.000801094 0.000746958 0.000732353 0.000722043 0.000817559 0.000711646 0.00076091 0.000823286 0.000741997 0.000757153 0.000737802 0.000717749 0.000800909 0.000733843 0.000741193 0.000734037 0.000716769 0.0007095 0.000655808 0.00064264 0.000714271 0.000658489 0.000613917 0.000696517 0.00069877 0.000639746 0.00069729 0.000707972 0.000640492 0.000646163 0.000677585 0.000682165 0.000658698 0.000639221 0.00064087 0.000650333 0.000639891 0.000640892 0.000655149 0.000606833
9.65122e-05 0.000475134 0.000105439 0.000610078 0.000541983 0.000552353 0.000618642 0.000685123 0.000773358 0.000785107 0.000732811 0.000811763 0.000738202 0.000742586 0.000766645 0.000746624 0.000797686 0.000782226 0.00087756 0.000768574 0.000728666 0.000744105 0.000714825 0.000715845 0.000759202 0.000714848 0.000702244 0.000759388 0.00072124 0.000679953 0.000772739 0.000700696 0.000643218 0.000712641 0.000685247 0.000681644 0.000749419 0.00067117 0.000633322 0.000680147 0.000666488 0.00062664 0.000674897 0.000672332 0.000615567 0.000619848 0.000655634 0.000648087 0.000639848 0.000658677 0.000668394 0.000657261 0.000653046 0.000685703 0.000686931 0.000635591
0.000123312 0.000438791 9.24601e-05 0.000692449 0.000611442 0.000608892 0.000741151 0.000691147 0.000636975 0.000713674 0.000796494 0.000761243 0.000743665 0.000755013 0.000801007 0.000794896 0.000839742 0.000662936 0.000716327 0.000778446 0.000789165 0.000829583 0.000807455 0.000802277 0.000785461 0.000827759 0.000735103 0.000733536 0.000749926 0.000737996 0.000734134 0.000711005 0.000725938 0.000784185 0.000699116 0.000687121 0.000721494 0.00068681 0.000678074 0.000711719 0.00069531 0.000674012 0.000701736 0.000699865 0.000672405 0.000680737 0.000688644 0.000679746 0.000652211 0.00067689 0.000710118 0.000645892 0.000626828 0.000677497 0.000680428 0.000631526
