MatLab_Code/pn_g_inv10_g_res.grd
DSAA
81 101
0 40000
0 50000
-0.00267852 0.00661681
[rows 75 to 99 of 101, columns 0 to 55 of 81]
0.00288126 0.00260345 0.00274395 0.00211897 0.00236794 0.00229779 0.00205846 0.00181246 0.00200768 0.00184669 0.00176215 0.00172456 0.0016544 0.00157041 0.00158572 0.00157381 0.00152637 0.00145284 0.00148593 0.00139984 0.00140574 0.00128621 0.00133415 0.00138028 0.0012135 0.00124144 0.00129448 0.00126606 0.00115758 0.00119311 0.0011345 0.00114801 0.00119101 0.00111551 0.00110778 0.00112306 0.00112951 0.00104983 0.00102283 0.00111873 0.00108661 0.000902324 0.00102628 0.00109733 0.000879923 0.000968434 0.00108007 0.000915214 0.000971758 0.00104735 0.0009649 0.00100185 0.00102633 0.000976975 0.000952863 0.000958262
0.00310172 0.00285068 0.00286931 0.00230152 0.00242158 0.00239931 0.00216861 0.00201851 0.0021394 0.00187878 0.00184025 0.00180357 0.00184024 0.00172038 0.00172624 0.00160519 0.00162015 0.00155378 0.00157376 0.00146119 0.00155826 0.00139079 0.00138523 0.00147121 0.00131629 0.00129748 0.00137975 0.00123492 0.00121406 0.00130243 0.00121746 0.0011867 0.00119031 0.00112181 0.00115291 0.00114901 0.00120791 0.00110924 0.00105645 0.00115306 0.00113669 0.000987783 0.00112881 0.00117604 0.000970917 0.00107675 0.00117733 0.000942943 0.000980944 0.00103706 0.00100248 0.001051 0.00101223 0.00101978 0.00105406 0.00102502
0.00318146 0.00264816 0.00293765 0.00239757 0.00237094 0.00232067 0.00216452 0.00195106 0.00213387 0.00198617 0.00181566 0.00179931 0.00180451 0.00166465 0.00154928 0.00163401 0.00149127 0.00142201 0.00149725 0.00134212 0.00151076 0.00125356 0.00137276 0.00140973 0.00127712 0.00126775 0.00134535 0.00121043 0.00116994 0.00130641 0.00122416 0.00115229 0.00120916 0.00118358 0.0011781 0.00107304 0.00113795 0.00109487 0.00103489 0.00109853 0.00110088 0.000976321 0.00105995 0.00106896 0.000906781 0.00103649 0.00111922 0.000917458 0.00101403 0.00103382 0.000975272 0.00100854 0.000930499 0.000947303 0.00100303 0.000950792
0.00324332 0.00289041 0.00306297 0.00242977 0.00246003 0.00245288 0.00221 0.00200675 0.00205899 0.00199887 0.00184593 0.00175089 0.00183071 0.00171262 0.00160838 0.00164506 0.00164949 0.00155035 0.00153915 0.00145116 0.00155525 0.00124008 0.0013909 0.00138009 0.00118165 0.00123116 0.00136483 0.00122539 0.00117613 0.00125832 0.00115004 0.001124 0.00113648 0.00113888 0.00108559 0.00104206 0.00113146 0.00108267 0.00102745 0.00111936 0.00109886 0.000959999 0.00108722 0.00110674 0.000907983 0.000997491 0.00108952 0.000960807 0.00101728 0.00103412 0.000996684 0.00102877 0.000998198 0.00101341 0.00106925 0.000997907
0.00335974 0.00293202 0.00321409 0.00238354 0.00251423 0.0025783 0.00231691 0.00210906 0.00218321 0.00194725 0.00188597 0.00181637 0.00189641 0.00171895 0.00165985 0.00167122 0.00163625 0.00146415 0.00151938 0.00144562 0.0015435 0.00126782 0.00144511 0.00150663 0.0012736 0.00127303 0.00134651 0.00123385 0.00120075 0.00122708 0.00117795 0.00116555 0.00119871 0.00114473 0.00117161 0.00111854 0.00117744 0.00109848 0.00105256 0.0011241 0.00106399 0.000934286 0.0011224 0.00115266 0.00094584 0.00102611 0.00110892 0.000993403 0.000979288 0.00102834 0.0010137 0.000987156 0.00099153 0.00103078 0.00108434 0.0010297
0.00349405 0.00293807 0.00327331 0.00249993 0.00259508 0.00252401 0.00226571 0.00201059 0.00220663 0.00206512 0.00192296 0.00188944 0.0018194 0.00167137 0.00164676 0.00162235 0.00164341 0.00146173 0.00147627 0.00148551 0.00150312 0.00124801 0.00140208 0.00147372 0.00123149 0.00121845 0.00130872 0.00123223 0.00119938 0.00121405 0.00119414 0.00116281 0.00118685 0.00114052 0.00109573 0.00111784 0.00113657 0.00106874 0.00104603 0.00112154 0.00108682 0.00095422 0.00109275 0.00110581 0.000935923 0.00101986 0.0011242 0.00098536 0.00095374 0.00106385 0.00107763 0.00101278 0.00098463 0.000994351 0.00104486 0.00101188
0.00360685 0.00304206 0.00333793 0.00253888 0.00265422 0.00266324 0.00228442 0.00209256 0.00224672 0.00203676 0.00189908 0.00191365 0.00187999 0.00170624 0.00175707 0.00165093 0.00171975 0.00156392 0.00148425 0.00147495 0.00157514 0.00131593 0.00127911 0.00138211 0.00123294 0.0012261 0.00136874 0.00123343 0.0012195 0.00125419 0.0011281 0.0011591 0.00121526 0.00108925 0.00110327 0.00108458 0.00110844 0.00103081 0.00101162 0.00111678 0.00110069 0.000957049 0.00107509 0.00108688 0.000927073 0.000988811 0.0011133 0.000964399 0.000950748 0.00105372 0.00103964 0.00102283 0.00101886 0.00100686 0.00103739 0.00101302
0.00363577 0.00311198 0.00344802 0.00262805 0.0026243 0.00264379 0.00242827 0.00222311 0.00232992 0.00204686 0.00188422 0.00184883 0.00189337 0.00172182 0.00170883 0.00157089 0.00152471 0.00152843 0.00148455 0.00140543 0.00155064 0.00128646 0.00136159 0.00147966 0.00126856 0.00124567 0.00134264 0.00120242 0.00115427 0.00118997 0.00120359 0.00114787 0.00109544 0.00108419 0.00117099 0.00110816 0.00112546 0.00105818 0.00104468 0.00113692 0.00108576 0.000947444 0.00110354 0.00112594 0.000973982 0.00101751 0.00112749 0.00100061 0.00102384 0.00106313 0.00100152 0.00100534 0.00104588 0.00107081 0.00108966 0.00105518
0.00376999 0.00317698 0.00352989 0.00265266 0.00276111 0.0026799 0.00238523 0.00214338 0.0022131 0.00206626 0.00199513 0.00196595 0.00191188 0.0017404 0.00171429 0.00170763 0.00165752 0.00155816 0.00150949 0.00146184 0.00147809 0.00130254 0.00139827 0.00144928 0.00125768 0.00121291 0.00133858 0.00114462 0.00113017 0.00118931 0.00116766 0.00115636 0.00114114 0.00111551 0.00106372 0.00107886 0.00112077 0.00105615 0.00103877 0.00110624 0.00105353 0.000926001 0.00107481 0.00108029 0.000923578 0.000988411 0.00111787 0.000987516 0.00098306 0.00104303 0.00102537 0.00101058 0.00100295 0.000999782 0.00106083 0.00104992
0.00391864 0.0032847 0.00362446 0.0025753 0.00283408 0.00277912 0.00241924 0.00216756 0.00235296 0.00209783 0.00203184 0.00184967 0.00193676 0.00172244 0.00170614 0.00171084 0.00169588 0.00153711 0.00145093 0.00142888 0.00151227 0.00133628 0.00133536 0.00128956 0.00119936 0.00115909 0.00131905 0.00122454 0.00124554 0.00121427 0.00112765 0.00108503 0.00118322 0.00115738 0.00106661 0.00106643 0.00114948 0.00105463 0.00100066 0.00107905 0.00105565 0.000945427 0.0010981 0.00111003 0.000947027 0.0010083 0.00113524 0.000982299 0.000981197 0.00104886 0.00106927 0.00106499 0.00103866 0.00101754 0.001087 0.0010808
0.00389221 0.0033081 0.00370108 0.00270552 0.0028531 0.00278218 0.00243446 0.00223954 0.00238516 0.0021246 0.00197294 0.00191223 0.00191841 0.00169432 0.00171085 0.00157495 0.00161311 0.00152322 0.00153097 0.00150815 0.00154712 0.00124548 0.00127708 0.0014598 0.00131079 0.00117411 0.00138462 0.00115626 0.00112274 0.00124146 0.00114954 0.00107824 0.00114386 0.00106513 0.00105423 0.00101688 0.00112347 0.00100036 0.000982168 0.00109904 0.00106005 0.00094372 0.0010678 0.00107405 0.000953383 0.00100714 0.00110279 0.000943588 0.00100211 0.00107901 0.00104389 0.00103427 0.00102668 0.00101854 0.00109323 0.00105581
0.00410358 0.00337386 0.00381699 0.00274237 0.00294762 0.00282062 0.00249088 0.00225899 0.00245657 0.0020419 0.00202661 0.00187434 0.00200015 0.00177764 0.00177254 0.00163449 0.00156172 0.00146098 0.00146051 0.00140156 0.00143816 0.00122648 0.00138062 0.00140254 0.00118464 0.00114076 0.00125789 0.00106416 0.00108856 0.0011609 0.00110879 0.0010175 0.00110376 0.00107224 0.00105016 0.00104248 0.00112097 0.000997157 0.0010005 0.00111194 0.00106377 0.000944402 0.00107518 0.00105274 0.000923733 0.00100606 0.00113626 0.000950866 0.00102412 0.00108471 0.00102791 0.00104589 0.00104369 0.00103497 0.00111765 0.00107777
0.00411718 0.0033694 0.00380486 0.00270211 0.00288991 0.0028574 0.00249536 0.00222116 0.00238273 0.00206052 0.00207924 0.00188934 0.0019576 0.00175868 0.0016963 0.00173438 0.00171807 0.00152683 0.0015275 0.00145427 0.00152773 0.00121389 0.00133791 0.00130516 0.00120816 0.00122611 0.00134384 0.00113573 0.00108652 0.00112962 0.00112468 0.00113479 0.00112811 0.0011104 0.00102956 0.00100143 0.00110982 0.00101604 0.000978332 0.00107453 0.00102653 0.000904065 0.00110002 0.00108652 0.00093897 0.00100283 0.00112771 0.000962151 0.00104416 0.00104386 0.000969797 0.00105046 0.00107782 0.00103997 0.00111848 0.0010767
0.00420302 0.00355465 0.00398679 0.00281593 0.00300961 0.00294954 0.00248466 0.00227642 0.00244231 0.00214659 0.00210321 0.0019133 0.00190659 0.00167914 0.00171578 0.00155888 0.00159698 0.00150592 0.00148659 0.00135425 0.00146821 0.00117695 0.00135714 0.00136894 0.00118206 0.00108655 0.00126167 0.00110861 0.00120466 0.00113971 0.00107029 0.00104706 0.00106698 0.00101851 0.0010815 0.000991298 0.00107555 0.000973902 0.000970627 0.00103924 0.00100505 0.000905241 0.00103647 0.00105903 0.000970002 0.00101068 0.00110015 0.00094381 0.00104956 0.00110132 0.00100986 0.00106967 0.00109543 0.00104921 0.00111666 0.00107305
0.00431487 0.00351398 0.0040228 0.00274861 0.00301386 0.002929 0.00256691 0.00229614 0.00247634 0.00212497 0.00199705 0.00199151 0.00198 0.00169981 0.00174867 0.00163902 0.0016177 0.0014496 0.00140125 0.00126849 0.00152699 0.00125251 0.0012786 0.00129633 0.00112377 0.0010907 0.00116968 0.00109803 0.00114284 0.00111562 0.001012 0.000934296 0.00103349 0.00100795 0.000969717 0.000967459 0.00105352 0.000966704 0.000972298 0.00102523 0.00103073 0.000943089 0.00100467 0.00100434 0.000923514 0.000977656 0.00111976 0.000930627 0.000989091 0.0011054 0.00106737 0.00106358 0.00103935 0.00101624 0.00114116 0.00109749
0.00441233 0.00352308 0.00410658 0.00282923 0.00303535 0.0029888 0.00263363 0.0022127 0.00250938 0.00209033 0.00196782 0.00186122 0.00203028 0.00171892 0.00167265 0.00164576 0.00159331 0.00149537 0.00147615 0.0014274 0.00146258 0.00112918 0.00119799 0.00127092 0.00116585 0.00109573 0.00124593 0.0009854 0.0010317 0.00101183 0.00105201 0.00110751 0.0010385 0.00101624 0.000990773 0.000963854 0.00103034 0.000960202 0.000942725 0.00100622 0.00104199 0.00094128 0.00104834 0.0010652 0.000955899 0.0010005 0.00114691 0.000990987 0.00101538 0.00110618 0.00108607 0.00108062 0.00107365 0.00106499 0.00119857 0.00117365
0.00435686 0.00359728 0.00416655 0.00295112 0.00301386 0.00297624 0.0026037 0.00218954 0.0025558 0.00220886 0.00201079 0.00197396 0.00198098 0.00164536 0.00167646 0.00164707 0.00151795 0.00140956 0.00144991 0.00137764 0.00139227 0.00106306 0.00127927 0.00131822 0.0011204 0.0010804 0.00118366 0.00101365 0.000998856 0.00102207 0.00100405 0.000978496 0.000957958 0.000945644 0.000973731 0.00094006 0.000998501 0.000930445 0.000915414 0.000954221 0.00096358 0.000875551 0.000991631 0.00102075 0.000943104 0.000956285 0.00107263 0.000944969 0.000976795 0.00106604 0.00102153 0.00105065 0.00109659 0.00107795 0.00116004 0.00113453
0.00453927 0.00366656 0.00414089 0.00289354 0.00307306 0.00301416 0.0026533 0.00224167 0.00254234 0.00214502 0.00200269 0.00190761 0.00188043 0.0016442 0.00168263 0.0016 0.00152914 0.00141066 0.00137676 0.00120004 0.00140799 0.00108837 0.00129693 0.00119422 0.00104994 0.00100981 0.0011318 0.00102453 0.00100879 0.00100161 0.000982697 0.000940429 0.000922662 0.000952316 0.00093312 0.000906273 0.000944944 0.000895484 0.000934066 0.00098973 0.000982511 0.000872879 0.00100217 0.00101102 0.000924426 0.000978849 0.00113495 0.00101201 0.00104475 0.00111326 0.00109019 0.00110769 0.00112391 0.00110467 0.00116654 0.00110417
0.00455508 0.00367209 0.00421656 0.00287845 0.00313739 0.00306112 0.00261437 0.00221953 0.00259056 0.00211894 0.00199843 0.00186267 0.00201265 0.00175866 0.00170224 0.00159422 0.00150092 0.00143368 0.00140847 0.00120123 0.00145815 0.00108093 0.0011311 0.00110701 0.00100402 0.000953502 0.00109352 0.00100197 0.00093723 0.000989162 0.000965024 0.000904045 0.000945518 0.000865873 0.000937489 0.000913749 0.000945912 0.000874942 0.000902541 0.000951532 0.000933071 0.000857592 0.0010179 0.00101156 0.00090568 0.000989735 0.00111752 0.00100073 0.00104477 0.00109072 0.00110441 0.00112277 0.00109385 0.00109461 0.00123582 0.00117986
0.00471287 0.00378866 0.00435924 0.00291093 0.00313908 0.00304209 0.00263585 0.00224709 0.0025099 0.00215013 0.0019717 0.00192825 0.00188611 0.00158202 0.00156915 0.001405 0.00149442 0.00132376 0.00135795 0.00116395 0.00128418 0.00104424 0.00110536 0.00114391 0.00102917 0.000982129 0.00100098 0.000857656 0.00085052 0.000879095 0.000861441 0.000847044 0.000900211 0.000882893 0.000825456 0.000867281 0.000914854 0.000849108 0.000889557 0.000930628 0.000934009 0.000860874 0.00101271 0.00101884 0.000936449 0.00100893 0.00107692 0.000973785 0.00105003 0.00110111 0.00113696 0.00117548 0.00113818 0.00114727 0.00133716 0.00127842
0.00489191 0.00395522 0.00458926 0.00307968 0.00327684 0.00313988 0.00270153 0.00226419 0.00257259 0.00217874 0.00208705 0.00190616 0.0018295 0.00164294 0.00166788 0.00150756 0.00152381 0.00126509 0.00133807 0.00116006 0.0012725 0.000917749 0.00111857 0.00103582 0.000947424 0.000858422 0.000952982 0.000829911 0.000866437 0.000868207 0.000799138 0.000682112 0.000879327 0.000776844 0.000715933 0.000733283 0.000784126 0.000745817 0.000785905 0.000852978 0.000874188 0.000781114 0.000929686 0.000929021 0.000853846 0.000960282 0.00106919 0.000999869 0.00106049 0.0010896 0.00112841 0.00119475 0.00114223 0.00116034 0.00133207 0.00124461
0.00426874 0.0034672 0.00452604 0.00309479 0.00331162 0.00320059 0.00273265 0.00225337 0.00259192 0.00213931 0.00196793 0.00187758 0.00197628 0.00160037 0.00159814 0.00156559 0.0014345 0.00125033 0.00123639 0.00108707 0.00126239 0.000852005 0.00100962 0.00100933 0.000843093 0.000782751 0.000926291 0.000777601 0.000820955 0.000734473 0.000780837 0.000733476 0.000770499 0.000689693 0.000819543 0.000807137 0.000859685 0.000793196 0.000820142 0.000870738 0.000884396 0.000780736 0.000960141 0.00100955 0.000902476 0.00097112 0.00111798 0.00103418 0.00107455 0.00112271 0.00114127 0.00117528 0.00114429 0.00113873 0.00128956 0.00118961
0.00494926 0.00329667 0.00385602 0.00237412 0.00301763 0.00306952 0.00254171 0.00207568 0.0025121 0.00201486 0.00183477 0.00171598 0.00191115 0.00147437 0.00135754 0.00137157 0.00131317 0.00125496 0.00113781 0.00104432 0.00124869 0.000923197 0.000959477 0.00102186 0.000853521 0.000770256 0.000985096 0.000769944 0.000714685 0.000809133 0.000870031 0.000783339 0.000795665 0.000675604 0.00083421 0.0008011 0.000814994 0.000752679 0.000804586 0.000865419 0.000893142 0.000790501 0.000965742 0.00102815 0.000935567 0.000981185 0.00111921 0.00102771 0.00108312 0.00116466 0.00119974 0.00124426 0.00121435 0.00124549 0.0014259 0.00136479
0.00661681 0.00558226 0.00561238 0.00290095 0.00348664 0.00378708 0.00304301 0.00243354 0.00283572 0.00232395 0.0021166 0.00187805 0.00198635 0.00159845 0.00148857 0.00139561 0.00128229 0.0010886 0.00106924 0.000860514 0.00107327 0.000660031 0.000768024 0.000751472 0.000651799 0.000461984 0.000646496 0.000533962 0.00050683 0.000451875 0.000484889 0.000449384 0.000592407 0.000549908 0.000591241 0.000533574 0.00060505 0.000613159 0.000656546 0.000748648 0.000803818 0.000729327 0.000934612 0.00096688 0.000889729 0.00103902 0.00123145 0.00116179 0.00125008 0.00132157 0.00140801 0.00150935 0.00148876 0.00150754 0.00170455 0.00165885
0.00301982 0.00336746 0.00582558 0.00262225 0.00271748 0.00329671 0.00260577 0.00204369 0.00250243 0.00206669 0.00185619 0.00169663 0.00178972 0.0014032 0.00140143 0.00138231 0.00121272 0.00109117 0.00111065 0.000884129 0.00100697 0.000626891 0.000789872 0.000845262 0.000618698 0.000594115 0.000704974 0.00058288 0.000522618 0.000553237 0.00062003 0.000463478 0.000534471 0.000561244 0.000484579 0.000513774 0.000667004 0.000634416 0.000665083 0.000704869 0.000717059 0.000675341 0.00090495 0.00086011 0.000753137 0.000922808 0.0010539 0.000963317 0.00102465 0.00104481 0.0011024 0.00118976 0.00117593 0.0011803 0.00130049 0.00124418
