MatLab_Code/pn_g_inv10_g_res.grd
DSAA
81 101
0 40000
0 50000
-0.00267852 0.00661681
[rows 50 to 74 of 101, columns 0 to 55 of 81]
0.000824842 0.00101999 0.000876938 0.00105174 0.000998939 0.00101992 0.00107092 0.00104659 0.00110251 0.00104331 0.00107378 0.00116274 0.00113998 0.00112848 0.00110224 0.00112044 0.00112255 0.00102722 0.00112656 0.00107239 0.00112951 0.00115536 0.00117686 0.00107087 0.0011065 0.00106482 0.00110977 0.00110598 0.00108199 0.00107159 0.00108872 0.00116075 0.00106859 0.000990315 0.00101198 0.000995743 0.00104043 0.00100183 0.000935199 0.000975676 0.000954873 0.000896684 0.000927918 0.000946716 0.000949412 0.000889181 0.000879354 0.000927158 0.000880368 0.000843174 0.000870333 0.000842178 0.000867188 0.000871816 0.000783936 0.000795054
0.000827144 0.000949427 0.000893843 0.0010132 0.00103196 0.00109042 0.00104042 0.00107776 0.00115603 0.00112956 0.00106978 0.00113915 0.0011879 0.00115231 0.00109489 0.00117589 0.00116297 0.00121496 0.00118426 0.00116108 0.00112567 0.00106823 0.0010878 0.00115325 0.00110137 0.00115102 0.00116213 0.00107314 0.00104489 0.00105087 0.0011505 0.00109075 0.0010954 0.00107936 0.00104899 0.00100887 0.0010667 0.00100071 0.000973596 0.00101097 0.000992053 0.000967858 0.0010017 0.00097696 0.000959043 0.000907226 0.000917193 0.000937346 0.000890699 0.000874021 0.000947313 0.000896493 0.000849345 0.000841627 0.000791533 0.000802207
0.000956304 0.00112053 0.000891529 0.00104715 0.00111127 0.00111537 0.0011259 0.00111903 0.00116116 0.00117564 0.00113592 0.00110468 0.00117236 0.00112318 0.00109336 0.00124265 0.00114468 0.00112179 0.00118857 0.00110034 0.00114423 0.00116296 0.001137 0.00120142 0.00116538 0.00104495 0.00109918 0.00114124 0.00107303 0.00111953 0.00115399 0.0010362 0.00104746 0.00111336 0.00104457 0.00115346 0.00107065 0.00104135 0.00102346 0.00107037 0.00101251 0.000941815 0.000987529 0.000960585 0.000946612 0.000929467 0.000933086 0.000970137 0.000905181 0.00088792 0.000916552 0.000862115 0.000842721 0.000846459 0.000808764 0.000822875
0.00102814 0.00123004 0.00103669 0.0011187 0.00114188 0.00119321 0.00114188 0.00111328 0.00118943 0.00121039 0.00123561 0.0011958 0.00125331 0.00117829 0.00114973 0.00126122 0.00113464 0.00112591 0.00113607 0.00111349 0.00123598 0.00112051 0.00112344 0.00111704 0.00110715 0.00107498 0.00112674 0.00109049 0.00114306 0.00104011 0.00100848 0.00101933 0.000983244 0.00100919 0.00092316 0.000992082 0.000924705 0.000850385 0.000823661 0.000925762 0.000913403 0.000792237 0.000874849 0.000911373 0.000856757 0.000862151 0.000886281 0.000894551 0.000857803 0.000849999 0.000854903 0.000812218 0.000837651 0.000860547 0.000821356 0.000797737
0.00103962 0.00112986 0.00102379 0.00116012 0.00115678 0.00122062 0.00121308 0.00120772 0.00122249 0.00119223 0.00116089 0.00118566 0.00119576 0.00121385 0.00121548 0.00118116 0.00115139 0.00120675 0.0012028 0.00121256 0.00121419 0.0011615 0.00111435 0.00117244 0.0011635 0.00114663 0.00119613 0.00114027 0.00113979 0.00107582 0.00111151 0.00108968 0.00115657 0.00107243 0.00108389 0.00109608 0.00103744 0.00102683 0.00096633 0.00106989 0.00109324 0.000913778 0.00099381 0.00104763 0.000936528 0.000920543 0.000902078 0.000914542 0.000899916 0.000898688 0.000876196 0.000848033 0.000892927 0.000896222 0.000839283 0.000824479
0.00120295 0.00126289 0.0012078 0.00121855 0.00125009 0.00127466 0.00121186 0.00114141 0.00125529 0.00128626 0.0012084 0.00121008 0.00124618 0.00125575 0.00121291 0.00124186 0.0012534 0.00127482 0.0012429 0.00117705 0.00118946 0.00119709 0.00116526 0.00119975 0.00114427 0.00117474 0.00113859 0.00108512 0.00112565 0.00114078 0.00116859 0.00115038 0.00114668 0.00104611 0.00105611 0.00109261 0.00106677 0.00112052 0.00107308 0.00109843 0.00108728 0.000898735 0.000999739 0.00104456 0.000933459 0.000946388 0.000952981 0.000956556 0.000935597 0.000928027 0.000905757 0.000883306 0.000891413 0.000865819 0.000813899 0.000834136
0.0012352 0.00132009 0.00125995 0.00116531 0.00126273 0.00130702 0.00126593 0.00124135 0.00136941 0.00127773 0.00126599 0.0012998 0.00126493 0.0012136 0.00122908 0.00121693 0.00120787 0.00119138 0.00117063 0.00111131 0.00122595 0.00115908 0.00121002 0.00125533 0.00108191 0.00115572 0.00118714 0.00113664 0.0010737 0.00112377 0.0011257 0.00101618 0.00105607 0.001091 0.00105518 0.000982288 0.00101014 0.0010341 0.000930008 0.000925511 0.000954786 0.000829197 0.000954672 0.0010006 0.000874746 0.000906733 0.000948393 0.000926553 0.000894948 0.000879694 0.00087407 0.000882691 0.000875195 0.000850405 0.000828505 0.000851869
0.00128739 0.00133072 0.00127364 0.00126836 0.00133922 0.0013836 0.00132334 0.00126683 0.00134481 0.00125964 0.00122595 0.00135246 0.00130627 0.00126924 0.00123817 0.00132102 0.00120288 0.00130339 0.00126509 0.00120876 0.00127397 0.00121005 0.00118662 0.00119572 0.00113944 0.00115169 0.00122762 0.00116538 0.00110713 0.00117029 0.00114053 0.00109997 0.00105066 0.00111176 0.00111259 0.00105313 0.000999793 0.00103061 0.000972357 0.00101062 0.00104049 0.000919663 0.000979035 0.00100646 0.000900781 0.000922642 0.000949676 0.000904825 0.000881425 0.000888654 0.000888904 0.000882754 0.000849404 0.0008551 0.000837408 0.000848855
0.00143312 0.00150131 0.0013804 0.00138518 0.00137561 0.00145205 0.00131139 0.00126312 0.00144875 0.00132989 0.00127824 0.00129194 0.00130697 0.00128124 0.00131526 0.00130919 0.00120288 0.00125732 0.00126713 0.00126525 0.00126876 0.00117453 0.00119946 0.00124159 0.00118411 0.00116101 0.00122475 0.00118081 0.0010518 0.00116341 0.00112233 0.00108088 0.00106169 0.00108905 0.00114205 0.000998561 0.0010502 0.00108105 0.00100011 0.0010837 0.00105635 0.000953271 0.0010128 0.00103249 0.000899608 0.000922249 0.000980511 0.000935123 0.000900747 0.000917793 0.000926369 0.000885548 0.000842425 0.000887476 0.000865092 0.000853781
0.00141515 0.00156279 0.00136643 0.00127792 0.00141857 0.00148197 0.00134572 0.00129931 0.00147145 0.00134507 0.00128577 0.00134263 0.00137002 0.00130066 0.00129525 0.00132897 0.00122923 0.00130301 0.00118803 0.00122927 0.00128781 0.00112724 0.00117207 0.00129438 0.00112792 0.00113847 0.00124986 0.00106587 0.00112467 0.0011974 0.00113306 0.00117955 0.00115209 0.00107826 0.00105774 0.00110095 0.00113135 0.000969509 0.00101845 0.00101643 0.000948243 0.000883531 0.00101482 0.00104178 0.000862484 0.000919113 0.000996829 0.000922909 0.000881795 0.000891875 0.000912035 0.000897839 0.00086522 0.000876031 0.000857214 0.000859376
0.00157939 0.00158066 0.00149726 0.0014527 0.00154772 0.00148445 0.00138327 0.00134423 0.00147953 0.00146819 0.00137692 0.00140068 0.00141487 0.00127983 0.00132299 0.00134414 0.00135718 0.00136586 0.00125802 0.00128965 0.0012713 0.00122471 0.00129289 0.00130418 0.00113426 0.00120654 0.00125718 0.00121532 0.00115026 0.00120539 0.00107422 0.00114922 0.00111601 0.00106538 0.00103863 0.00108774 0.00111199 0.000977515 0.000983922 0.001096 0.00106152 0.000943954 0.00101479 0.00103652 0.000939355 0.00098445 0.000991106 0.000916285 0.000943262 0.000932847 0.000924361 0.000926938 0.000890538 0.000865799 0.000855579 0.000882957
0.00158489 0.00163844 0.00155531 0.0015957 0.00148529 0.00160605 0.00155209 0.00141513 0.00147887 0.00145627 0.00128015 0.00141941 0.00141341 0.00134575 0.00129829 0.00129847 0.00133192 0.00123834 0.0012506 0.00135773 0.00132423 0.00120556 0.00125396 0.00131745 0.00115155 0.00118964 0.00123107 0.00122862 0.00110111 0.00118184 0.00115043 0.00117619 0.00109748 0.00106057 0.00111097 0.00109159 0.00109993 0.00105364 0.00104731 0.00106677 0.00106515 0.000962343 0.000989404 0.000968431 0.000920324 0.000960813 0.000949673 0.000908276 0.000948988 0.000929916 0.000882771 0.000864042 0.00086849 0.000920017 0.000871931 0.000815422
0.00180654 0.00168214 0.00163472 0.00142449 0.00147646 0.00160191 0.00152364 0.00136985 0.00153316 0.00145613 0.00134914 0.00141491 0.00144907 0.00137222 0.00137006 0.00138504 0.00135791 0.00135256 0.00125578 0.00128543 0.00129218 0.00119573 0.00120336 0.00126265 0.00121469 0.00117343 0.00120256 0.00113769 0.00111723 0.00121686 0.00109736 0.00112856 0.00111857 0.00117451 0.0011372 0.00108515 0.00110314 0.0010526 0.00104479 0.00103945 0.000991113 0.00095635 0.00105004 0.00102317 0.000911281 0.000983967 0.00100129 0.000893478 0.000900158 0.000929954 0.000930582 0.000886738 0.000882586 0.000905619 0.000877765 0.00087749
0.00175814 0.00178784 0.00189566 0.00156225 0.00169258 0.00170794 0.00148662 0.00149755 0.0015689 0.001552 0.00147319 0.0014741 0.00139477 0.00145919 0.00138171 0.00138453 0.00139111 0.00131651 0.00129347 0.00135897 0.00131923 0.00121012 0.0012805 0.00131807 0.00118767 0.00125572 0.00125399 0.00124194 0.00118389 0.00116833 0.00114355 0.00113685 0.00114377 0.00112564 0.00102907 0.00100616 0.0010659 0.000982599 0.000971905 0.00105182 0.000985326 0.00092399 0.00102572 0.00106394 0.00089202 0.000930552 0.00102713 0.000914499 0.000921049 0.00092908 0.000901121 0.000929882 0.000924639 0.00088428 0.000870069 0.00085341
0.00188518 0.00187716 0.00179444 0.00164292 0.00166355 0.00172948 0.00161584 0.00150565 0.0016148 0.00148056 0.00144891 0.00145245 0.00148375 0.00146179 0.00130373 0.00134197 0.00139083 0.00135176 0.00130949 0.00135747 0.00134532 0.00125151 0.00134199 0.00130979 0.0011643 0.00118232 0.0013206 0.00117178 0.00114828 0.00117893 0.0012296 0.00112772 0.00116035 0.00105837 0.00116294 0.0011367 0.00113636 0.00108162 0.00109708 0.00117222 0.00107266 0.000939623 0.00103019 0.00107339 0.000911486 0.000933385 0.00104228 0.000968416 0.000953336 0.000968507 0.000911304 0.000946844 0.000894422 0.000866836 0.000913307 0.000872131
0.00209001 0.00182391 0.00185145 0.0016668 0.00170039 0.00181737 0.00164708 0.00147487 0.00169782 0.00156864 0.00144655 0.00152983 0.00151439 0.00143599 0.00146907 0.00144294 0.0014273 0.00134157 0.00134758 0.00133663 0.00133369 0.00124199 0.00130831 0.00134727 0.00112745 0.00126235 0.00129215 0.00114513 0.00120459 0.00119642 0.00116468 0.00115947 0.00114856 0.0011318 0.00114349 0.00112901 0.00110501 0.00108129 0.0010101 0.00109134 0.00108433 0.000970281 0.00104616 0.00106793 0.0009679 0.000975595 0.00100114 0.000937426 0.000910613 0.000957631 0.00095294 0.000934157 0.00087064 0.00089708 0.000962166 0.000944414
0.00204003 0.0020328 0.0020364 0.00181657 0.00183768 0.00180799 0.00165186 0.00160773 0.00176182 0.00160238 0.00157253 0.00159066 0.00149728 0.00142837 0.00148375 0.00152548 0.00142136 0.00135854 0.00141741 0.00139275 0.00136728 0.00124667 0.00131012 0.00131858 0.00122739 0.00123378 0.00135413 0.00119172 0.00116652 0.00121073 0.00122869 0.00116066 0.00116991 0.00110204 0.00110778 0.00107976 0.00108023 0.00101713 0.00102539 0.00104022 0.00102248 0.000971626 0.00103429 0.00102689 0.000944317 0.00101502 0.0010302 0.00093487 0.000937202 0.000968848 0.000932231 0.000958733 0.000958141 0.000959971 0.000935006 0.000904448
0.00214701 0.00206883 0.00207708 0.00166417 0.00175795 0.00191337 0.0017275 0.00155857 0.00165505 0.00157922 0.00146973 0.00155433 0.00153464 0.00145547 0.00133961 0.00142661 0.00141801 0.00136197 0.00127206 0.00132302 0.00132769 0.00127851 0.00129498 0.00134585 0.00120117 0.00121914 0.00125233 0.00116374 0.00115264 0.00121447 0.00116349 0.00104321 0.00110301 0.00111632 0.00109211 0.00111573 0.00111203 0.00107638 0.00105721 0.00106796 0.00101727 0.000955723 0.0010351 0.00102303 0.000867883 0.000938425 0.00101338 0.000879608 0.000919001 0.000979373 0.000872643 0.000853226 0.0008739 0.000877836 0.000823024 0.000811857
0.0023206 0.00210777 0.00220261 0.00186569 0.00193333 0.00199464 0.00177022 0.00163371 0.00176521 0.00172485 0.00151182 0.00163422 0.00161294 0.00151842 0.00148286 0.00146053 0.00144773 0.00143937 0.0014052 0.00140187 0.00144814 0.0013005 0.00127515 0.00140752 0.00123747 0.00123947 0.00131392 0.00123093 0.00117589 0.00122045 0.00122674 0.0011896 0.00123073 0.00118507 0.00112015 0.00113427 0.00117019 0.00107494 0.00104991 0.00113092 0.00111279 0.00100668 0.00108843 0.00110798 0.000945936 0.00101863 0.00111561 0.000942103 0.000957406 0.00102941 0.0010115 0.000957589 0.000960962 0.0010107 0.000989485 0.000979514
0.00235059 0.00220199 0.00223595 0.00192532 0.00196692 0.00196302 0.00174754 0.00171608 0.00190892 0.00178335 0.00156834 0.00159178 0.00158603 0.00159012 0.00154584 0.0015319 0.00149307 0.00147896 0.00141031 0.00139995 0.00149271 0.00119016 0.00133021 0.00137164 0.00122062 0.00123796 0.00134558 0.00124259 0.00123029 0.00125782 0.0011901 0.00111029 0.00121709 0.00115026 0.00106578 0.00112664 0.0011227 0.00107784 0.00107991 0.00110879 0.00106953 0.000943325 0.00105641 0.00107632 0.000917276 0.00101029 0.00108826 0.000942329 0.000957172 0.000962558 0.000990917 0.000979815 0.000954937 0.000945753 0.00093755 0.000946982
0.00247977 0.00229501 0.00227803 0.00192184 0.00204409 0.0020762 0.00187546 0.00168757 0.00182212 0.00170834 0.00166217 0.00165475 0.00161745 0.00157216 0.00151024 0.00151564 0.00143134 0.00141121 0.00135376 0.00137125 0.001461 0.00129275 0.00135932 0.00143474 0.00127704 0.00119741 0.00132211 0.00123218 0.00114923 0.00121124 0.00119035 0.00116748 0.00117421 0.00115764 0.00112944 0.00111688 0.00109739 0.00104006 0.00103962 0.00110491 0.00103261 0.000941941 0.00111548 0.00111789 0.00089662 0.000977874 0.00105422 0.000927842 0.000987382 0.00100355 0.000911103 0.000918635 0.000946791 0.000908945 0.000920881 0.000919635
0.00255173 0.0023608 0.00244582 0.00200003 0.00199271 0.00212531 0.00191541 0.00175021 0.00183975 0.0017074 0.00162099 0.00166319 0.00161569 0.00155248 0.00153344 0.00146283 0.0015293 0.00146831 0.00138263 0.0013731 0.00138055 0.00128731 0.00128589 0.00138336 0.00122814 0.00117661 0.00131249 0.00121492 0.00116178 0.00122215 0.00121821 0.00111662 0.00114802 0.00108679 0.00115165 0.00109123 0.00112387 0.00108462 0.00107361 0.00113784 0.00104778 0.00094401 0.00108967 0.00108689 0.000883365 0.000994156 0.00107867 0.000863365 0.000951537 0.000987627 0.000883147 0.000946618 0.00095265 0.000913387 0.000956725 0.000929745
0.00263373 0.0023996 0.00253161 0.00205592 0.0021323 0.00217098 0.00191928 0.0017545 0.00190729 0.00185421 0.00164226 0.00166606 0.0017053 0.00154105 0.00152119 0.00153051 0.00154443 0.00148145 0.00147472 0.00146863 0.00143534 0.001273 0.00130907 0.00140321 0.00126097 0.00125139 0.00134697 0.00125238 0.00120122 0.00120441 0.00123435 0.00119407 0.00119114 0.00107695 0.00119102 0.00115975 0.00116913 0.00100452 0.00105547 0.00115477 0.00106813 0.000949004 0.00105769 0.00106213 0.000903459 0.00105643 0.00113867 0.000902771 0.000986107 0.00108787 0.00101896 0.0010662 0.00103858 0.00096168 0.000999731 0.000989683
0.00281637 0.00246433 0.00265651 0.00208933 0.00221009 0.00224748 0.00196863 0.00191694 0.00203299 0.00187977 0.00175377 0.0017105 0.0018172 0.00162015 0.00162078 0.00158028 0.00154693 0.00145325 0.0014328 0.00146373 0.00150778 0.0013758 0.00139005 0.00143023 0.0013149 0.00128808 0.00135603 0.00126792 0.00120425 0.00128217 0.00120696 0.00114938 0.00121414 0.00119093 0.00110914 0.00118141 0.00116761 0.0010751 0.00108019 0.00116991 0.00109237 0.000989687 0.00114508 0.00112496 0.000946337 0.00106627 0.00113131 0.000905101 0.000986846 0.00108373 0.000896704 0.000883723 0.000999714 0.000982767 0.000976593 0.000966482
0.00288736 0.00257567 0.00274179 0.00215805 0.00223081 0.002221 0.00205111 0.00188078 0.00194056 0.00182865 0.00171301 0.00178884 0.00172562 0.00155805 0.00163986 0.00158735 0.00152273 0.00149542 0.00143934 0.00140949 0.00140362 0.00134736 0.00134574 0.00137375 0.00120609 0.00127792 0.00131117 0.00117622 0.00122478 0.00125682 0.00115582 0.00121963 0.00122031 0.0010949 0.00108477 0.0011505 0.00108554 0.00107174 0.00104929 0.00110717 0.00106166 0.000959079 0.00111272 0.00111004 0.000904324 0.000996508 0.00106901 0.000908771 0.00101899 0.0010867 0.000907258 0.000893906 0.00101103 0.000987878 0.000935997 0.000938044
