MatLab_Code/pn_g_inv10_cal.grd
DSAA
81 101
0 40000
0 50000
-39.4508 22.1644
[rows 29 to 57 of 101, columns 0 to 65 of 81]
21.97 21.7286 21.4542 21.1653 20.867 20.5592 20.2428 19.9188 19.5875 19.2486 18.9003 18.541 18.1693 17.7846 17.3856 16.9708 16.5401 16.0956 15.6413 15.1818 14.7203 14.2558 13.7841 13.3016 12.8097 12.3149 11.8255 11.3477 10.8829 10.4294 9.98456 9.54689 9.11533 8.68886 8.26615 7.84577 7.42658 7.00792 6.58962 6.17162 5.75321 5.33261 4.90795 4.47818 4.04283 3.60165 3.15482 2.70302 2.24683 1.78595 1.31911 0.844587 0.360884 -0.132965 -0.637224 -1.15149 -1.67535 -2.20902 -2.75316 -3.30774 -3.87173 -4.44394 -5.02429 -5.61429 -6.21606 -6.82936
22.0638 21.8165 21.5355 21.2397 20.9344 20.6197 20.2967 19.9661 19.6281 19.2823 18.9271 18.5605 18.1818 17.7905 17.3851 16.9635 16.5251 16.0718 15.6075 15.1371 14.6645 14.1892 13.7068 13.214 12.7121 12.2078 11.7102 11.2259 10.7569 10.3013 9.85637 9.42018 8.9916 8.56948 8.15231 7.73838 7.32633 6.91526 6.50472 6.09429 5.68305 5.26943 4.85207 4.43032 4.00381 3.57224 3.13579 2.69502 2.25022 1.80081 1.34539 0.88218 0.409517 -0.0737824 -0.568125 -1.07317 -1.58857 -2.1147 -2.65247 -3.20219 -3.76304 -4.33359 -4.91292 -5.50136 -6.1 -6.70881
22.1263 21.8741 21.588 21.2867 20.976 20.6561 20.3282 19.9927 19.6497 19.2984 18.9373 18.5649 18.1805 17.7839 17.3733 16.9464 16.5018 16.041 15.5677 15.0869 14.6034 14.1173 13.6245 13.1217 12.6108 12.0984 11.5937 11.104 10.6316 10.1747 9.72998 9.29527 8.86918 8.45049 8.0376 7.6287 7.22233 6.81746 6.41331 6.00908 5.60373 5.19611 4.78551 4.37165 3.95419 3.53279 3.10758 2.67892 2.24673 1.8101 1.36749 0.917035 0.456888 -0.0143494 -0.497249 -0.991586 -1.49713 -2.01442 -2.54456 -3.08816 -3.64463 -4.21239 -4.78979 -5.37591 -5.97075 -6.57393
22.1592 21.9036 21.6137 21.3087 20.9942 20.6706 20.3392 20.0004 19.6541 19.299 18.9336 18.5567 18.1683 17.7678 17.3536 16.9231 16.4743 16.0075 15.5263 15.036 14.5421 14.0455 13.5428 13.0312 12.5127 11.9937 11.4833 10.9892 10.5143 10.0565 9.61223 9.17872 8.75435 8.33794 7.92795 7.52256 7.12029 6.72001 6.32061 5.92096 5.52007 5.1174 4.71289 4.30661 3.89825 3.48738 3.074 2.65823 2.23957 1.81679 1.38816 0.951693 0.505335 0.0474652 -0.422678 -0.905012 -1.39946 -1.90671 -2.42808 -2.96439 -3.51525 -4.07901 -4.65344 -5.23655 -5.82712 -6.42441
22.1644 21.9069 21.615 21.3078 20.9909 20.6651 20.3317 19.9911 19.6429 19.2857 18.9178 18.5381 18.1472 17.7446 17.3288 16.8967 16.4456 15.9749 15.4872 14.9884 14.4848 13.9783 13.4668 12.948 12.4237 11.8998 11.3852 10.8879 10.4111 9.9528 9.50886 9.07599 8.65244 8.2371 7.82858 7.42518 7.02539 6.62796 6.23152 5.83472 5.43684 5.03798 4.63875 4.23956 3.84012 3.43992 3.03874 2.63637 2.2319 1.82378 1.41005 0.988545 0.557006 0.113595 -0.342673 -0.811904 -1.2942 -1.79042 -2.30203 -2.83 -3.37411 -3.93269 -4.50312 -5.08253 -5.66865 -6.26011
22.1433 21.8857 21.5937 21.2858 20.9679 20.6412 20.3073 19.9662 19.6176 19.2601 18.8915 18.5107 18.1188 17.7161 17.3007 16.8694 16.4187 15.9465 15.4542 14.9478 14.4351 13.9197 13.4008 12.8769 12.3491 11.8224 11.3053 10.8059 10.3278 9.86888 9.42484 8.99191 8.56818 8.1527 7.74427 7.34132 6.94239 6.54612 6.1509 5.75531 5.35899 4.96276 4.56786 4.17502 3.78409 3.39444 3.00557 2.61684 2.22696 1.83405 1.43588 1.03007 0.614148 0.186063 -0.255415 -0.710633 -1.17992 -1.6643 -2.16532 -2.68403 -3.22031 -3.77255 -4.33792 -4.91291 -5.49435 -6.08016
22.0979 21.8424 21.5521 21.245 20.9276 20.6013 20.2682 19.9282 19.5807 19.2241 18.8562 18.476 18.0849 17.6837 17.2708 16.8428 16.3956 15.9249 15.43 14.917 14.3962 13.8732 13.3489 12.8221 12.2932 11.766 11.2483 10.748 10.2689 9.80929 9.36461 8.9309 8.50614 8.08941 7.67973 7.27573 6.87604 6.47926 6.08368 5.68782 5.29172 4.89695 4.50532 4.11795 3.73483 3.35526 2.97842 2.60326 2.22806 1.8506 1.46836 1.07868 0.678883 0.266668 -0.15944 -0.600051 -1.05575 -1.52772 -2.01753 -2.52624 -3.0538 -3.59871 -4.15811 -4.72807 -5.30468 -5.88513
22.03 21.7789 21.4923 21.1878 20.8722 20.5478 20.2167 19.8794 19.5344 19.1799 18.814 18.4358 18.0471 17.6489 17.24 16.8172 16.3763 15.9108 15.4156 14.8968 14.3693 13.8411 13.314 12.7869 12.2593 11.7338 11.2172 10.7171 10.2376 9.77715 9.33149 8.89656 8.47014 8.05129 7.63921 7.23272 6.83064 6.43169 6.03421 5.63674 5.23968 4.84529 4.45592 4.073 3.69676 3.32648 2.9611 2.59916 2.23847 1.87641 1.51015 1.13678 0.753311 0.357201 -0.0532901 -0.479035 -0.920868 -1.38008 -1.85824 -2.35636 -2.87452 -3.41138 -3.96411 -4.52854 -5.10023 -5.67567
21.9416 21.6971 21.4163 21.1164 20.8045 20.4834 20.1557 19.8218 19.4804 19.1291 18.7663 18.3917 18.0067 17.6127 17.2085 16.7914 16.3579 15.9003 15.4073 14.8849 14.3539 13.8242 13.2975 12.7728 12.2489 11.7272 11.2133 10.7145 10.2349 9.77387 9.32738 8.89121 8.46286 8.0413 7.62587 7.21572 6.80984 6.40714 6.00622 5.60585 5.20677 4.81182 4.42368 4.04412 3.67365 3.31167 2.95696 2.60766 2.26106 1.91408 1.56358 1.20638 0.839168 0.459097 0.0641579 -0.346784 -0.774777 -1.22117 -1.68749 -2.17474 -2.68309 -3.21139 -3.75696 -4.31556 -4.88235 -5.45326
21.8344 21.5988 21.3258 21.0324 20.7261 20.41 20.0869 19.7573 19.4199 19.0729 18.7146 18.3447 17.9646 17.5754 17.1761 16.7642 16.3362 15.8841 15.3957 14.8767 14.3489 13.8225 13.3001 12.7808 12.2629 11.7467 11.2368 10.7399 10.2608 9.79973 9.35299 8.91596 8.48571 8.06114 7.64184 7.22725 6.81658 6.40891 6.00313 5.59859 5.19652 4.79995 4.41191 4.03454 3.66864 3.31382 2.96884 2.63145 2.29835 1.96597 1.63082 1.2894 0.938098 0.573734 0.193989 -0.202513 -0.617018 -1.05089 -1.50553 -1.9819 -2.48026 -2.99967 -3.53766 -4.09015 -4.65215 -5.21901
21.7114 21.4862 21.2226 20.9373 20.6382 20.3288 20.0118 19.6876 19.3551 19.013 18.66 18.2957 17.9214 17.5377 17.1434 16.7359 16.3112 15.862 15.3805 14.8724 14.3542 13.8362 13.3218 12.8107 12.301 11.7921 11.2874 10.7932 10.3151 9.85486 9.40861 8.97118 8.53932 8.11186 7.68862 7.26934 6.85342 6.44007 6.02853 5.61877 5.21255 4.81314 4.42393 4.04739 3.68469 3.33575 2.99939 2.67298 2.3526 2.03411 1.71363 1.38734 1.05125 0.70188 0.336633 -0.0461254 -0.447825 -0.869825 -1.31335 -1.77922 -2.26769 -2.77805 -3.30818 -3.85435 -4.41161 -4.97485
21.5747 21.3611 21.1085 20.833 20.5429 20.2418 19.9321 19.6142 19.2875 18.951 18.604 18.246 17.8783 17.5009 17.1122 16.7092 16.2881 15.8432 15.371 14.8766 14.3719 13.8659 13.3626 12.8623 12.3628 11.8628 11.3646 10.8746 10.3987 9.93977 9.49429 9.05681 8.62383 8.19404 7.76732 7.34358 6.9224 6.50319 6.08553 5.66989 5.25847 4.85492 4.46306 4.08577 3.72467 3.38015 3.05115 2.73463 2.42596 2.1204 1.81363 1.50146 1.17954 0.844056 0.492231 0.122203 -0.267644 -0.67869 -1.11197 -1.56806 -2.04715 -2.54867 -3.0709 -3.61062 -4.1631 -4.72292
21.4261 21.2252 20.9851 20.7213 20.4418 20.1502 19.8487 19.5381 19.2181 18.8882 18.5479 18.1972 17.837 17.4668 17.0846 16.6874 16.2719 15.8342 15.3731 14.8934 14.4039 13.9122 13.4223 12.9347 12.4471 11.9573 11.4672 10.9829 10.5108 10.0538 9.60931 9.1722 8.73885 8.30769 7.87841 7.45091 7.02491 6.60009 6.17639 5.75464 5.33734 4.9285 4.53239 4.1525 3.79119 3.4495 3.12649 2.81858 2.52037 2.22643 1.93201 1.63254 1.3233 1.00024 0.660399 0.301769 -0.0774418 -0.478675 -0.902802 -1.35014 -1.82074 -2.3141 -2.82883 -3.3622 -3.90983 -4.46614
21.2677 21.0801 20.8535 20.6026 20.3352 20.0543 19.7624 19.4602 19.1481 18.8257 18.4932 18.1507 17.7987 17.4366 17.0621 16.6725 16.265 15.837 15.3887 14.9244 14.451 13.9749 13.5 13.0266 12.552 12.0736 11.5928 11.1155 10.6484 10.1944 9.7516 9.31568 8.88302 8.4518 8.02134 7.5913 7.16142 6.73166 6.30237 5.87467 5.45123 5.03622 4.63435 4.24996 3.88656 3.54606 3.22756 2.92679 2.63745 2.35345 2.06959 1.78095 1.48256 1.1701 0.840494 0.491601 0.121488 -0.27134 -0.687624 -1.12746 -1.59076 -2.077 -2.58499 -3.11237 -3.65518 -4.20783
21.1012 20.9273 20.7149 20.4779 20.2236 19.9549 19.6739 19.3815 19.0784 18.7647 18.4409 18.1073 17.7645 17.4113 17.0459 16.6658 16.2683 15.8519 15.4176 14.9692 14.5127 14.0531 13.5941 13.1358 12.6751 12.209 11.7385 11.2693 10.8082 10.3584 9.91851 9.48492 9.05429 8.62458 8.19467 7.76379 7.33152 6.89799 6.46393 6.03084 5.60144 5.17985 4.77113 4.38066 4.01343 3.67241 3.35667 3.06108 2.77842 2.50198 2.22624 1.94608 1.65629 1.35235 1.031 0.689934 0.327103 -0.0589877 -0.468941 -0.902705 -1.36006 -1.84047 -2.34274 -2.86477 -3.40296 -3.95187
20.9262 20.7669 20.5696 20.3474 20.1073 19.852 19.5833 19.3022 19.0095 18.7056 18.3914 18.0675 17.7346 17.3916 17.0367 16.6675 16.2817 15.8783 15.4588 15.0271 14.5878 14.1454 13.703 13.2603 12.8141 12.3609 11.9015 11.4415 10.9877 10.5433 10.1076 9.67763 9.25041 8.82393 8.39655 7.96689 7.53416 7.09845 6.6609 6.2234 5.78874 5.36086 4.94504 4.54765 4.17521 3.83178 3.51641 3.22313 2.94396 2.67183 2.4011 2.12652 1.84274 1.54503 1.22983 0.894582 0.537116 0.155971 -0.249316 -0.678588 -1.13156 -1.60757 -2.10535 -2.62286 -3.1568 -3.70196
20.7427 20.5991 20.4179 20.2113 19.9863 19.7455 19.4904 19.2221 18.9413 18.6485 18.3446 18.0312 17.7092 17.3774 17.0343 16.6775 16.3049 15.9156 15.5116 15.0967 14.675 14.2502 13.8246 13.3978 12.9663 12.5266 12.0793 11.6298 11.1845 10.747 10.3168 9.89158 9.4692 9.04774 8.62504 8.19887 7.76781 7.33181 6.89234 6.4518 6.01307 5.57995 5.15778 4.75358 4.37495 4.02686 3.70843 3.41336 3.13343 2.86158 2.59217 2.31991 2.03929 1.74534 1.43413 1.10275 0.748823 0.370861 -0.0314946 -0.457976 -0.908186 -1.38133 -1.87594 -2.38991 -2.9201 -3.46154
20.5515 20.4247 20.2604 20.0703 19.8611 19.6356 19.3953 19.1409 18.8731 18.5924 18.3001 17.9981 17.6878 17.3684 17.0382 16.6951 16.3367 15.9624 15.5746 15.1769 14.7728 14.3655 13.9567 13.5457 13.1291 12.7033 12.269 11.8312 11.3961 10.9669 10.5435 10.1242 9.70803 9.29348 8.8777 8.45729 8.03002 7.59562 7.15587 6.71365 6.27216 5.83513 5.40785 4.99746 4.61192 4.25657 3.93099 3.62931 3.34385 3.06796 2.79611 2.5229 2.24258 1.94987 1.64047 1.31104 0.9589 0.582393 0.181192 -0.24426 -0.69333 -1.16503 -1.6577 -2.16912 -2.69616 -3.23406
20.3551 20.2459 20.0991 19.9256 19.7326 19.5229 19.2979 19.0581 18.8043 18.5368 18.2572 17.9676 17.6698 17.3635 17.0472 16.7186 16.3754 16.0171 15.6459 15.2652 14.8786 14.4885 14.0963 13.701 13.2992 12.8879 12.4676 12.0429 11.6195 11.2003 10.7852 10.3733 9.96452 9.55871 9.1519 8.73921 8.31757 7.88645 7.44776 7.00483 6.56125 6.12097 5.68923 5.2729 4.87952 4.51438 4.17773 3.86495 3.56957 3.28572 3.00806 2.73094 2.44828 2.15443 1.84469 1.51531 1.16321 0.786434 0.384622 -0.0415029 -0.490914 -0.96238 -1.45413 -1.96383 -2.48829 -3.02289
20.1552 20.0635 19.9341 19.7774 19.6007 19.407 19.1977 18.9733 18.7341 18.4808 18.215 17.939 17.6546 17.362 17.0602 16.7467 16.4194 16.0776 15.7231 15.3594 14.9899 14.6167 14.2408 13.8611 13.4744 13.078 12.6726 12.2625 11.8526 11.4453 11.0406 10.6379 10.2378 9.84239 9.44584 9.04215 8.62754 8.20102 7.76431 7.32088 6.8748 6.4306 5.99367 5.57046 5.16776 4.7906 4.43995 4.11274 3.80408 3.50914 3.22288 2.93932 2.65194 2.35471 2.04257 1.71137 1.35754 0.978754 0.574636 0.1463 -0.304726 -0.776939 -1.26851 -1.77707 -2.29937 -2.8309
19.951 19.8771 19.7653 19.6255 19.465 19.2874 19.0941 18.8853 18.6615 18.4234 18.1727 17.9114 17.6414 17.3633 17.0762 16.7783 16.4672 16.142 15.8043 15.4575 15.1048 14.7484 14.3887 14.0245 13.653 13.2722 12.8828 12.4886 12.0938 11.7004 11.3085 10.9177 10.5292 10.1445 9.75832 9.3642 8.95758 8.53664 8.10239 7.65807 7.20821 6.75819 6.31394 5.88168 5.46757 5.07636 4.70973 4.36598 4.04168 3.73324 3.43611 3.14373 2.8493 2.54649 2.22998 1.89513 1.53786 1.15541 0.747509 0.315722 -0.137881 -0.61155 -1.10343 -1.61115 -2.1315 -2.6601
19.741 19.6856 19.592 19.4694 19.3253 19.1636 18.9861 18.7934 18.5857 18.3637 18.1289 17.8834 17.6289 17.3659 17.0942 16.8121 16.5173 16.2087 15.8878 15.5577 15.2218 14.8817 14.538 14.1893 13.8335 13.4689 13.0965 12.7193 12.3409 11.9632 11.5863 11.21 10.8353 10.4621 10.0865 9.70233 9.30443 8.88983 8.45839 8.01259 7.55723 7.09875 6.64419 6.19998 5.77202 5.36498 4.98106 4.61961 4.27813 3.95423 3.64414 3.34041 3.03636 2.72559 2.40256 2.06214 1.69972 1.31217 0.899339 0.463288 0.00653563 -0.468987 -0.961417 -1.46842 -1.98683 -2.51244
19.5246 19.4884 19.4135 19.3086 19.1811 19.0353 18.8737 18.697 18.5059 18.3007 18.0826 17.8537 17.6153 17.3682 17.1125 16.8465 16.568 16.276 15.9718 15.6584 15.3389 15.0148 14.6867 14.3535 14.0137 13.666 13.3113 12.952 12.5911 12.2301 11.8695 11.5091 11.1491 10.7888 10.4248 10.0513 9.66283 9.25533 8.82721 8.37957 7.9169 7.447 6.97879 6.51963 6.0755 5.65111 5.24904 4.86924 4.50995 4.16919 3.84333 3.52548 3.20907 2.88774 2.55576 2.20762 1.83828 1.44444 1.02604 0.585438 0.125431 -0.351966 -0.844894 -1.35105 -1.86731 -2.38963
19.301 19.2844 19.2286 19.1418 19.0313 18.9018 18.7561 18.5957 18.4214 18.2334 18.0327 17.8208 17.5993 17.3689 17.1295 16.8798 16.6176 16.3421 16.0547 15.758 15.4546 15.1459 14.8329 14.515 14.1913 13.8611 13.5246 13.1837 12.8405 12.4968 12.1528 11.8086 11.4638 11.1172 10.7656 10.4035 10.0252 9.62559 9.20152 8.7521 8.28058 7.79632 7.31135 6.83472 6.37259 5.92969 5.50881 5.11018 4.73244 4.37343 4.02945 3.69491 3.36347 3.02891 2.68536 2.32714 1.94915 1.5481 1.12393 0.678935 0.215947 -0.263002 -0.75607 -1.26098 -1.77469 -2.29326
19.0693 19.0725 19.0362 18.9678 18.8748 18.7619 18.6325 18.4885 18.3312 18.1607 17.9777 17.7835 17.5795 17.3662 17.1435 16.9099 16.6641 16.4053 16.1348 15.8546 15.5669 15.2731 14.9745 14.6716 14.3641 14.0513 13.7332 13.4105 13.0851 12.7583 12.4307 12.1022 11.7722 11.4393 11.1002 10.7497 10.3817 9.99022 9.57088 9.12037 8.6391 8.138 7.63412 7.13856 6.65743 6.1953 5.75504 5.33704 4.93986 4.56122 4.19771 3.84447 3.49578 3.1456 2.78806 2.41764 2.02955 1.62067 1.19072 0.741662 0.276119 -0.203906 -0.69659 -1.19971 -1.71034 -2.22465
18.8282 18.8515 18.835 18.7854 18.7102 18.6145 18.5017 18.3744 18.2342 18.0812 17.9161 17.7401 17.5541 17.3582 17.1521 16.9348 16.7053 16.4633 16.2095 15.9455 15.673 15.3935 15.109 14.8207 14.5291 14.2336 13.9332 13.6282 13.3197 13.009 12.6969 12.383 12.0666 11.7461 11.4183 11.0781 10.7191 10.3346 9.91925 9.46806 8.97726 8.45891 7.93639 7.4224 6.92259 6.44135 5.9816 5.54379 5.12647 4.72731 4.34319 3.96992 3.60232 3.23464 2.86132 2.47724 2.07805 1.66086 1.22508 0.772115 0.304274 -0.176487 -0.668306 -1.16904 -1.67596 -2.18548
18.5776 18.6214 18.625 18.5945 18.5373 18.4589 18.363 18.2525 18.1292 17.9937 17.8466 17.6888 17.5208 17.3421 17.1526 16.9515 16.7382 16.5127 16.2754 16.0271 15.7694 15.5039 15.233 14.959 14.6828 14.4036 14.1202 13.8316 13.5388 13.2429 12.9444 12.6431 12.3382 12.0277 11.7084 11.3754 11.0219 10.6408 10.2257 9.77104 9.2722 8.74187 8.20531 7.6759 7.15937 6.66024 6.18161 5.72406 5.28633 4.86626 4.46107 4.06706 3.67956 3.29333 2.9033 2.50482 2.09401 1.66814 1.22636 0.769469 0.299383 -0.181966 -0.67255 -1.17028 -1.67281 -2.1769
18.3174 18.3824 18.4063 18.395 18.356 18.2949 18.2156 18.1216 18.0149 17.8964 17.7669 17.6271 17.4767 17.3151 17.1418 16.9565 16.7592 16.5499 16.3287 16.096 15.8527 15.6006 15.343 15.0826 14.821 14.5573 14.2895 14.016 13.737 13.4538 13.1667 12.8753 12.5786 12.2748 11.9603 11.63 11.2772 10.8944 10.4748 10.0132 9.50883 8.97435 8.43042 7.89003 7.35985 6.84489 6.34864 5.87202 5.41418 4.97333 4.5471 4.13219 3.72451 3.31946 2.91248 2.49939 2.0767 1.6419 1.19393 0.733036 0.260678 -0.221193 -0.710247 -1.20444 -1.70191 -2.19985
18.0479 18.1348 18.1795 18.1875 18.1665 18.1221 18.0589 17.9805 17.8898 17.7875 17.675 17.5524 17.4192 17.274 17.1166 16.9468 16.7651 16.5718 16.3666 16.1492 15.9199 15.6809 15.4359 15.1886 14.9407 14.6911 14.4374 14.177 13.91 13.6371 13.3588 13.0743 12.7826 12.4817 12.1678 11.8356 11.4788 11.0902 10.6636 10.1957 9.68865 9.15388 8.60714 8.05984 7.51911 6.99059 6.47827 5.98361 5.50633 5.04523 4.59835 4.16285 3.73525 3.3116 2.88787 2.46024 2.02563 1.58181 1.12761 0.662751 0.1882 -0.294 -0.781149 -1.27133 -1.76319 -2.25444
