MatLab_Code/pn_g_inv10.grd
DSAA
81 101
0 40000
0 50000
-0.279613 0.145294
[rows 52 to 77 of 101, columns 0 to 58 of 81]
0.121103 0.119781 0.118316 0.116557 0.115022 0.113415 0.111829 0.110146 0.108595 0.106914 0.105251 0.103546 0.101891 0.100045 0.0982716 0.0965076 0.0947034 0.0928011 0.0909547 0.0890408 0.0872252 0.0853995 0.0837056 0.0820331 0.0803708 0.0786634 0.0770534 0.0753593 0.0736453 0.0718872 0.0701439 0.0682669 0.0664019 0.0644761 0.0625154 0.0603673 0.0578911 0.0549536 0.0517574 0.0482977 0.0446756 0.0410522 0.0377535 0.0346707 0.0318783 0.0294428 0.0275496 0.0260394 0.0248344 0.0238253 0.0230625 0.0223836 0.0218422 0.0212848 0.0207061 0.019929 0.0187725 0.0168914 0.0145057
0.119909 0.118861 0.117601 0.115974 0.114545 0.113044 0.111542 0.109951 0.108534 0.10702 0.10551 0.103931 0.102409 0.100725 0.0990848 0.0973941 0.0956529 0.0938392 0.0921004 0.0903196 0.0886153 0.0868468 0.0852045 0.0836237 0.0821005 0.0805543 0.0790978 0.0775599 0.0760059 0.0743793 0.0727991 0.0711657 0.0695679 0.0679172 0.066265 0.0644368 0.0622481 0.0595152 0.0563496 0.0527394 0.0488617 0.0449688 0.0414429 0.0381223 0.0350465 0.0323469 0.0302085 0.028448 0.0269819 0.0256889 0.0246353 0.0237159 0.0229854 0.0222348 0.021425 0.0203946 0.0190447 0.0171169 0.0147753
0.118551 0.117725 0.1167 0.115235 0.11393 0.112565 0.111189 0.109724 0.108444 0.107063 0.105689 0.104277 0.10294 0.101452 0.0999438 0.0983288 0.0967119 0.0950295 0.0933781 0.0916742 0.0900406 0.0883548 0.0867992 0.0853193 0.0839247 0.0825281 0.0811865 0.0797562 0.0783581 0.0769348 0.0755868 0.0742064 0.0728519 0.07144 0.0700818 0.0685856 0.0667541 0.064295 0.0611377 0.0572887 0.0530932 0.0489152 0.0451469 0.0415569 0.0381571 0.0351509 0.0327304 0.0306933 0.0289455 0.0273524 0.0259944 0.0248037 0.0238122 0.0227758 0.0216642 0.0203587 0.0188232 0.01686 0.014574
0.117201 0.116608 0.115775 0.114421 0.113237 0.112017 0.110775 0.109462 0.108343 0.107095 0.105855 0.104616 0.103453 0.102125 0.10074 0.0992333 0.0977322 0.0961358 0.0945248 0.0928629 0.0913211 0.0897764 0.088357 0.0869721 0.0856537 0.0843667 0.0831234 0.0817922 0.0805493 0.0793538 0.078219 0.0770142 0.0758439 0.0746449 0.0735133 0.0722618 0.0707147 0.0684774 0.0653229 0.0612782 0.0568318 0.0524354 0.0484717 0.0446557 0.0409952 0.0377461 0.0350846 0.0327774 0.0307385 0.028853 0.0272104 0.0257381 0.0244403 0.0230949 0.021708 0.0201808 0.0184955 0.0164881 0.0142361
0.115729 0.115406 0.114763 0.113524 0.11248 0.111426 0.110336 0.109184 0.1082 0.107057 0.105967 0.104925 0.103917 0.102712 0.101445 0.100033 0.098589 0.0970474 0.0954875 0.0938961 0.092457 0.0910273 0.08973 0.0884359 0.0871821 0.0860018 0.0848808 0.0836438 0.0824992 0.0814507 0.0804334 0.0793088 0.0782501 0.077206 0.0761646 0.0749392 0.073425 0.071213 0.0680558 0.0640021 0.0595238 0.0550538 0.0509763 0.0470105 0.0431732 0.0397489 0.0368831 0.0343121 0.0319853 0.0298288 0.0279249 0.0261747 0.024574 0.0229563 0.0213433 0.0196208 0.0177809 0.0157009 0.0134488
0.114255 0.114224 0.11379 0.112698 0.111766 0.110819 0.109822 0.108784 0.107909 0.106851 0.105878 0.105008 0.104161 0.103097 0.10195 0.100617 0.0992087 0.0977395 0.0962678 0.0947547 0.0933658 0.0919884 0.0907733 0.0895869 0.0884398 0.0873621 0.0863566 0.0852115 0.0841398 0.0831846 0.0822338 0.0811452 0.0801024 0.079084 0.0780128 0.0766584 0.0749738 0.0726384 0.0695007 0.0656124 0.0613075 0.0569318 0.0528543 0.0488286 0.0448922 0.0413422 0.0382998 0.0354909 0.0329111 0.0305245 0.0283852 0.0263709 0.0245056 0.0226784 0.0208842 0.0189889 0.0170109 0.0148711 0.0126162
0.112706 0.113008 0.112783 0.111821 0.110979 0.110098 0.109147 0.108214 0.107477 0.10652 0.105611 0.104834 0.104117 0.103187 0.102155 0.100912 0.0995698 0.0981758 0.0967901 0.0953698 0.0940245 0.0926929 0.0915813 0.090522 0.0894626 0.0884584 0.0875347 0.0864633 0.0854657 0.0845779 0.0836596 0.0825778 0.081465 0.0803201 0.0791069 0.0775765 0.0756567 0.0731145 0.0699715 0.0662729 0.0622073 0.0580457 0.054092 0.050088 0.0460975 0.0424557 0.0392595 0.0362264 0.0333999 0.0307861 0.0284137 0.0261473 0.0240406 0.0220179 0.0200435 0.0179785 0.0158622 0.0136456 0.0113677
0.111076 0.111706 0.111692 0.110853 0.110095 0.109266 0.108359 0.107508 0.106873 0.106009 0.105143 0.104412 0.10375 0.102875 0.101927 0.100813 0.099604 0.0982952 0.0969725 0.095656 0.0944029 0.093169 0.0921829 0.0912214 0.0902006 0.0892601 0.0884124 0.0874121 0.0864833 0.085619 0.0846908 0.0835984 0.0823826 0.0810414 0.0796412 0.0779606 0.0758149 0.0730504 0.0698958 0.0663726 0.0625456 0.0586236 0.054841 0.0509194 0.0469383 0.0432458 0.039907 0.0366674 0.0336183 0.0307823 0.0281869 0.0257099 0.0233949 0.0211766 0.0190294 0.0168236 0.0145882 0.0122922 0.00999873
0.109394 0.110286 0.110515 0.109825 0.109113 0.108341 0.107504 0.106693 0.106088 0.105289 0.104451 0.103749 0.103108 0.102257 0.101366 0.100388 0.0993384 0.0981404 0.0969298 0.0957497 0.0946097 0.0935011 0.0926212 0.091712 0.0907185 0.0898318 0.0890491 0.0881133 0.087183 0.0862747 0.0853 0.084161 0.0828399 0.0813403 0.0797646 0.077909 0.0755707 0.0726693 0.0695172 0.0661381 0.0625041 0.0587349 0.055034 0.0511731 0.0472367 0.0435028 0.0400091 0.0365838 0.0333446 0.030288 0.0274553 0.0247743 0.0222746 0.0198752 0.0175538 0.0152188 0.0129133 0.0105941 0.00830504
0.107728 0.10887 0.109303 0.10869 0.107994 0.107325 0.106571 0.105759 0.105137 0.104346 0.103503 0.102828 0.102229 0.10143 0.10058 0.0996796 0.0987341 0.0976479 0.0965878 0.0955661 0.0945353 0.0935157 0.092708 0.0918728 0.0909417 0.0900904 0.0893373 0.0884338 0.0874785 0.0865328 0.0855188 0.0843243 0.0829305 0.0813394 0.0796024 0.0775424 0.0750571 0.0721174 0.0689777 0.0656641 0.0621451 0.0584882 0.0548409 0.0510098 0.047097 0.0433343 0.0397276 0.0361524 0.0327478 0.0295095 0.0264746 0.023613 0.0209669 0.0184353 0.0159656 0.0135143 0.011158 0.00882789 0.00654009
0.105999 0.107421 0.108033 0.107448 0.106793 0.106208 0.105489 0.104714 0.104121 0.103357 0.102517 0.101833 0.101258 0.100536 0.0997356 0.0988873 0.0980117 0.0970298 0.0960812 0.0951688 0.0942271 0.0932823 0.0925346 0.0917752 0.0909189 0.0901101 0.0893648 0.0884641 0.0874923 0.0865047 0.0854301 0.0841778 0.0827313 0.0810451 0.0791194 0.0768672 0.0742707 0.0713103 0.0681859 0.0649008 0.0614247 0.0578501 0.0542742 0.0504594 0.0465028 0.0426914 0.0390062 0.0352893 0.0317165 0.0283323 0.0251485 0.0221351 0.0193304 0.0166543 0.0140674 0.0115336 0.00910189 0.00670512 0.00439215
0.104216 0.105982 0.106811 0.106307 0.105691 0.105115 0.10438 0.103644 0.103073 0.102328 0.101493 0.10078 0.100195 0.0995182 0.0987422 0.0979434 0.0971442 0.0962629 0.0954176 0.0945955 0.0937183 0.0928497 0.0921669 0.0914407 0.0906136 0.0898704 0.0891629 0.0882583 0.0872555 0.0862317 0.0851166 0.0837933 0.0822503 0.0804417 0.0783841 0.0760333 0.0733743 0.0704032 0.0673117 0.0640782 0.0606132 0.0570514 0.0535105 0.049709 0.0456872 0.0418044 0.0380581 0.0342391 0.0305276 0.0270166 0.0237103 0.0205799 0.0176271 0.0148244 0.0121688 0.00959065 0.0071118 0.00470033 0.00240303
0.10247 0.104403 0.105382 0.105016 0.104466 0.103942 0.103227 0.102505 0.10193 0.101171 0.100334 0.099642 0.0990581 0.0983887 0.0976393 0.0969058 0.0961751 0.0953762 0.0946115 0.0938556 0.09303 0.0922296 0.0916014 0.0908933 0.0900682 0.0893764 0.0886934 0.0877629 0.0867466 0.0857267 0.0845809 0.083168 0.0815027 0.0796027 0.0775106 0.0751277 0.0724106 0.0694107 0.0663089 0.0630872 0.0596106 0.0560101 0.0524309 0.0486021 0.0445147 0.0405291 0.0366651 0.03273 0.0288919 0.0252694 0.0218438 0.0185846 0.0154971 0.0126206 0.00993668 0.00732208 0.0048037 0.00241377 0.000156587
0.100677 0.10277 0.103896 0.103639 0.103128 0.102643 0.101944 0.101248 0.100696 0.0999349 0.0990909 0.0984159 0.0978042 0.0971418 0.0964773 0.0958128 0.095084 0.0943158 0.093601 0.09288 0.092082 0.0913264 0.0907468 0.090101 0.0893159 0.0886506 0.0879479 0.0869866 0.0859714 0.084954 0.0837622 0.0822792 0.0805346 0.0785855 0.0764621 0.0740539 0.0712922 0.0682451 0.0650797 0.0618275 0.0583618 0.054762 0.0511319 0.0472476 0.0431088 0.0390263 0.0349991 0.0309153 0.0269634 0.0232646 0.0197503 0.0163896 0.0132196 0.0103081 0.00759702 0.00496142 0.00242579 6.28558e-05 -0.00214693
0.0985987 0.101084 0.102421 0.10221 0.101702 0.101241 0.100562 0.0999119 0.0993791 0.0986422 0.0978166 0.0971628 0.0965424 0.0958965 0.09528 0.0946637 0.0939295 0.0931693 0.0924803 0.0918015 0.0910363 0.0903137 0.0897727 0.0892068 0.0884735 0.0877943 0.0870534 0.086071 0.085032 0.0839964 0.0827452 0.081193 0.0794013 0.0774168 0.0752425 0.0728133 0.070031 0.0669466 0.0637132 0.0603902 0.0568902 0.0532789 0.0495817 0.0455997 0.0413719 0.037203 0.0330301 0.0287885 0.0247194 0.0209294 0.0173035 0.013856 0.0106316 0.0076621 0.00487677 0.00223473 -0.00025611 -0.00256954 -0.00475024
0.0967292 0.0995201 0.101009 0.100806 0.100299 0.0998844 0.0992095 0.0985594 0.0980295 0.097319 0.096497 0.0959084 0.0953728 0.0947658 0.0941154 0.0934811 0.0927449 0.0919837 0.0912818 0.0906474 0.0899369 0.0892419 0.0887233 0.0882225 0.0875102 0.0867998 0.0860346 0.085063 0.0840064 0.0829388 0.0816316 0.0800443 0.0782502 0.0762525 0.0740341 0.0716055 0.0688419 0.0657612 0.0624994 0.059128 0.0555604 0.0518873 0.0481097 0.0440192 0.0396627 0.0354012 0.0311199 0.0267383 0.0225518 0.0186735 0.0149379 0.0114008 0.0081276 0.00513327 0.00233212 -0.00025546 -0.00266448 -0.00493483 -0.00710854
0.0950745 0.0980113 0.0996208 0.09948 0.0989748 0.0985597 0.0978803 0.0972775 0.0967953 0.0960984 0.0952421 0.0947076 0.0942931 0.0937928 0.0931386 0.0924346 0.0916384 0.0908588 0.0901373 0.089526 0.0888367 0.0881259 0.0876205 0.0871718 0.0864625 0.0857478 0.0850009 0.0840574 0.0829767 0.0818582 0.0805074 0.0789233 0.0771274 0.0750833 0.0727942 0.0703524 0.0676074 0.0645503 0.0612929 0.0579016 0.0542534 0.0504765 0.0466034 0.0424095 0.0379118 0.0335238 0.0291047 0.0245585 0.0202076 0.0162139 0.0123957 0.00878914 0.00546598 0.00248211 -0.00026669 -0.00277655 -0.0051437 -0.00740026 -0.00955677
0.0933483 0.0964714 0.0981877 0.0981117 0.0976131 0.0971926 0.0965077 0.0959364 0.0954595 0.0947526 0.0938764 0.0933545 0.0930017 0.092599 0.0919653 0.0912123 0.090338 0.0895144 0.0887605 0.0881582 0.0874835 0.0867871 0.086328 0.0859245 0.0852174 0.0845181 0.0838137 0.0829046 0.0818035 0.0806431 0.0792475 0.0776523 0.0758412 0.0737726 0.0714535 0.0690011 0.066258 0.063237 0.0600027 0.0565831 0.0528397 0.0489702 0.0450239 0.040736 0.0360943 0.0315569 0.0269707 0.0222559 0.0177239 0.0135677 0.00964681 0.00601222 0.00268448 -0.000260806 -0.00292143 -0.00532651 -0.00762435 -0.00980527 -0.0118794
0.091387 0.0947718 0.0966306 0.0966085 0.0961448 0.0957928 0.0951035 0.0944651 0.0939017 0.0931869 0.0923443 0.0918311 0.0914462 0.0910307 0.0903856 0.0896448 0.0887778 0.087954 0.0871846 0.0865911 0.0859486 0.0853294 0.0849271 0.0845701 0.0838786 0.0831918 0.0825164 0.0816276 0.0805027 0.0793252 0.0779074 0.076277 0.0744153 0.0723526 0.0700606 0.0675954 0.0648187 0.0617916 0.0585455 0.0550827 0.0512399 0.0472852 0.0432628 0.0388666 0.0340672 0.0293629 0.0245791 0.0196659 0.0149424 0.0105898 0.00649978 0.00283058 -0.00045548 -0.00332233 -0.00588209 -0.00818814 -0.010409 -0.0124973 -0.0144884
0.0894575 0.0931613 0.0952205 0.0952396 0.0947634 0.094456 0.0937534 0.0930591 0.0924223 0.0916811 0.090805 0.0902516 0.089767 0.0892467 0.0885617 0.0878831 0.0871144 0.0863683 0.0856331 0.0850511 0.0844089 0.0838403 0.0834713 0.0831681 0.0825362 0.0819077 0.0812623 0.0803861 0.0792481 0.0780691 0.076645 0.0749833 0.0730614 0.0709949 0.0687462 0.0662892 0.0634677 0.0603899 0.0571108 0.0536288 0.0497241 0.0456955 0.0415865 0.0371094 0.0322199 0.0274085 0.022446 0.0173215 0.0124112 0.00789237 0.00365307 -4.10869e-05 -0.00325712 -0.00599724 -0.00842704 -0.0106293 -0.0127829 -0.0148025 -0.016731
0.0877405 0.0916899 0.0939305 0.0940113 0.0935337 0.0932326 0.092516 0.0918476 0.0912146 0.0904529 0.0894849 0.0888417 0.0882416 0.0875945 0.0868584 0.0862338 0.0855325 0.084873 0.0842262 0.0837144 0.0830958 0.0825552 0.0822017 0.0819359 0.0813701 0.0808142 0.080179 0.0792989 0.0781508 0.076966 0.0755307 0.0738622 0.0718978 0.0697805 0.067498 0.065025 0.0621314 0.0589638 0.0556373 0.0521561 0.0482378 0.0441759 0.0400051 0.0354743 0.0305277 0.0256373 0.0205314 0.0152363 0.0101584 0.0054806 0.00107614 -0.00267536 -0.00582091 -0.00843077 -0.0107542 -0.012867 -0.0149638 -0.0169449 -0.0188539
0.086267 0.0903956 0.0927576 0.0928828 0.0924018 0.0920993 0.0913706 0.0907173 0.0900499 0.089251 0.0882237 0.0875027 0.0867805 0.0860408 0.0852704 0.0846445 0.0839279 0.0833085 0.0827273 0.0823009 0.081764 0.0813021 0.0809725 0.0807206 0.0801966 0.0796991 0.0790624 0.0781823 0.0770563 0.0758926 0.0744506 0.0728033 0.070825 0.0686295 0.0662386 0.0637181 0.0607766 0.0575681 0.0542001 0.0507204 0.0468372 0.0428193 0.0386625 0.0341166 0.0291106 0.0241468 0.0189645 0.013611 0.00844333 0.00363328 -0.000934941 -0.0047419 -0.00780226 -0.0103002 -0.0125753 -0.014636 -0.0166844 -0.018638 -0.0205562
0.0846331 0.0889906 0.0914838 0.091683 0.0912304 0.0909425 0.0901849 0.0894853 0.0887524 0.0879274 0.0868749 0.0860965 0.0852584 0.0844812 0.0837082 0.0830729 0.0823352 0.0817505 0.0812027 0.0808069 0.080322 0.0799548 0.0796885 0.0794772 0.0789871 0.0785423 0.077916 0.0770519 0.0759525 0.0748119 0.0733764 0.0717543 0.069741 0.067456 0.0649612 0.062376 0.0593941 0.0561679 0.0527511 0.0492575 0.0454028 0.0414231 0.0372941 0.0327714 0.0277355 0.0227386 0.017553 0.0122235 0.00703836 0.00219261 -0.00241498 -0.00624251 -0.00932896 -0.0118655 -0.0142122 -0.0163147 -0.0183903 -0.0203735 -0.0223513
0.0830306 0.0876396 0.090263 0.0905599 0.090155 0.0898771 0.0890708 0.0883374 0.0875638 0.0866977 0.0855783 0.084727 0.0838126 0.0830099 0.0821819 0.0815112 0.0807626 0.0802217 0.0797173 0.0793527 0.0789041 0.0786082 0.0784347 0.0783322 0.0779 0.0774954 0.0768959 0.0760622 0.0749728 0.0738607 0.0724297 0.0707941 0.0687473 0.0664369 0.0638926 0.0612619 0.0582564 0.0550032 0.05154 0.0480532 0.0442272 0.040274 0.0361821 0.0317402 0.0267681 0.0218426 0.0167262 0.0114509 0.00629598 0.00153809 -0.00295214 -0.00675473 -0.00997346 -0.0126599 -0.0151436 -0.0173662 -0.019553 -0.0216074 -0.023655
0.081604 0.0863767 0.0891458 0.0895457 0.0891284 0.0888673 0.0880933 0.0874165 0.0866402 0.0857303 0.0845225 0.0836136 0.0826549 0.0817843 0.0808317 0.0800971 0.0793198 0.0788025 0.0783378 0.0780421 0.0776727 0.0774542 0.0773868 0.0774228 0.07707 0.0767121 0.0761392 0.0753316 0.0742756 0.0732115 0.0717512 0.0700527 0.0679728 0.0656721 0.0630875 0.0603969 0.0573581 0.0540735 0.0505585 0.04707 0.0432753 0.03937 0.035316 0.0309511 0.0260866 0.0212925 0.0162722 0.0110669 0.00597316 0.00132384 -0.00306171 -0.00688181 -0.010282 -0.0131478 -0.0158059 -0.0182208 -0.0205866 -0.0227459 -0.0248964
0.0802368 0.0851821 0.0881459 0.0886436 0.088174 0.0879264 0.0871884 0.0865504 0.0857794 0.0848752 0.0835824 0.0825974 0.081564 0.0805885 0.0795137 0.0787462 0.0779156 0.0773582 0.0768928 0.0766755 0.0764013 0.0762878 0.0763601 0.0765277 0.0762554 0.0759909 0.0754966 0.0747522 0.0737351 0.0726976 0.0712049 0.0694778 0.0674057 0.0651346 0.0625028 0.0597412 0.0566643 0.0533734 0.0498357 0.0463548 0.0425997 0.0387669 0.0347676 0.0304795 0.0257264 0.0210797 0.0162039 0.0111591 0.00619579 0.00165432 -0.00268034 -0.00654707 -0.010102 -0.0131257 -0.015967 -0.0185917 -0.0211453 -0.0234072 -0.025671
